20000001.0	20716104.0	19794748.0	20510851.0	-205253.0
20716105.0	20716318.0	20510855.0	20511068.0	-205250.0
20716319.0	20718321.0	20511076.0	20513078.0	-205243.0
20718322.0	20719189.0	20513081.0	20513948.0	-205241.0
20719190.0	20721006.0	20513951.0	20515767.0	-205239.0
20721008.0	20723286.0	20515768.0	20518046.0	-205240.0
20723288.0	20723604.0	20518047.0	20518363.0	-205241.0
20723606.0	20723733.0	20518364.0	20518491.0	-205242.0
20723735.0	20726247.0	20518492.0	20521004.0	-205243.0
20726248.0	20727288.0	20521008.0	20522048.0	-205240.0
20727289.0	20733596.0	20522050.0	20528357.0	-205239.0
20733597.0	20740584.0	20528359.0	20535346.0	-205238.0
20740627.0	20742348.0	20535347.0	20537068.0	-205280.0
20742349.0	20746896.0	20537071.0	20541618.0	-205278.0
20746933.0	20747910.0	20541619.0	20542596.0	-205314.0
20747913.0	20750124.0	20542597.0	20544808.0	-205316.0
20750125.0	20750518.0	20544813.0	20545206.0	-205312.0
20750519.0	20756325.0	20545212.0	20551018.0	-205307.0
20756333.0	20756751.0	20551019.0	20551437.0	-205314.0
20756753.0	20757040.0	20551438.0	20551725.0	-205315.0
20757041.0	20757473.0	20551727.0	20552159.0	-205314.0
20757475.0	20760459.0	20552160.0	20555144.0	-205315.0
20760460.0	20762550.0	20555152.0	20557242.0	-205308.0
20762560.0	20763765.0	20557243.0	20558448.0	-205317.0
20763766.0	20764434.0	20558450.0	20559118.0	-205316.0
20764436.0	20766789.0	20559119.0	20561472.0	-205317.0
20766798.0	20768058.0	20561473.0	20562733.0	-205325.0
20768059.0	20784833.0	20562736.0	20579510.0	-205323.0
20784835.0	20788226.0	20579511.0	20582902.0	-205324.0
20788227.0	20792079.0	20582904.0	20586756.0	-205323.0
20792082.0	20793066.0	20586757.0	20587741.0	-205325.0
20793067.0	20793491.0	20587743.0	20588167.0	-205324.0
20793492.0	20793688.0	20588169.0	20588365.0	-205323.0
20793691.0	20794354.0	20588366.0	20589029.0	-205325.0
20794355.0	20797139.0	20589031.0	20591815.0	-205324.0
20797140.0	20797178.0	20591817.0	20591855.0	-205323.0
20797180.0	20802824.0	20591856.0	20597500.0	-205324.0
20802825.0	20804292.0	20597502.0	20598969.0	-205323.0
20804293.0	20808633.0	20598988.0	20603328.0	-205305.0
20808635.0	20810985.0	20603329.0	20605679.0	-205306.0
20810987.0	20812344.0	20605680.0	20607037.0	-205307.0
20812345.0	20814763.0	20607040.0	20609458.0	-205305.0
20814765.0	20816625.0	20609459.0	20611319.0	-205306.0
20816626.0	20818837.0	20611321.0	20613532.0	-205305.0
20818838.0	20829137.0	20613536.0	20623835.0	-205302.0
20829139.0	20836334.0	20623836.0	20631031.0	-205303.0
20836336.0	20846301.0	20631032.0	20640997.0	-205304.0
20846302.0	20847645.0	20641001.0	20642344.0	-205301.0
20847647.0	20852548.0	20642345.0	20647246.0	-205302.0
20852554.0	20854305.0	20647247.0	20648998.0	-205307.0
20854327.0	20855604.0	20648999.0	20650276.0	-205328.0
20855605.0	20856320.0	20650280.0	20650995.0	-205325.0
20856322.0	20856463.0	20650996.0	20651137.0	-205326.0
20856464.0	20858818.0	20651139.0	20653493.0	-205325.0
20858820.0	20860809.0	20653494.0	20655483.0	-205326.0
20860811.0	20862070.0	20655484.0	20656743.0	-205327.0
20862074.0	20862300.0	20656744.0	20656970.0	-205330.0
20862301.0	20894633.0	20656972.0	20689304.0	-205329.0
20935076.0	21398819.0	20729747.0	21193490.0	-205329.0
21885001.0	22040040.0	21242091.0	21397130.0	-642910.0
22040043.0	22043598.0	21397131.0	21400686.0	-642912.0
22043599.0	22212114.0	21838075.0	22006590.0	-205524.0
22294542.0	22596193.0	22006591.0	22308242.0	-287951.0
22694201.0	22694211.0	22708114.0	22708124.0	13913.0
22694212.0	22694238.0	22708130.0	22708156.0	13918.0
22694239.0	22694411.0	22708158.0	22708330.0	13919.0
22694421.0	22694425.0	22708331.0	22708335.0	13910.0
22694426.0	22694728.0	22708338.0	22708640.0	13912.0
22694750.0	22695170.0	22708641.0	22709061.0	13891.0
22695175.0	22695478.0	22709062.0	22709365.0	13887.0
22695479.0	22695481.0	22709368.0	22709370.0	13889.0
22695483.0	22695629.0	22709371.0	22709517.0	13888.0
22695630.0	22695641.0	22709519.0	22709530.0	13889.0
22695642.0	22695806.0	22709537.0	22709701.0	13895.0
22695807.0	22696023.0	22709704.0	22709920.0	13897.0
22696024.0	22696083.0	22709925.0	22709984.0	13901.0
22696084.0	22696091.0	22709993.0	22710000.0	13909.0
22696101.0	22696298.0	22710001.0	22710198.0	13900.0
22696365.0	22696368.0	22710270.0	22710273.0	13905.0
22696375.0	22696504.0	22710276.0	22710405.0	13901.0
22696541.0	22696545.0	22710441.0	22710445.0	13900.0
22696548.0	22696603.0	22710446.0	22710501.0	13898.0
22696606.0	22696685.0	22710503.0	22710582.0	13897.0
22696687.0	22696704.0	22710583.0	22710600.0	13896.0
22696786.0	22696806.0	22710722.0	22710742.0	13936.0
22696872.0	22696945.0	22710810.0	22710883.0	13938.0
22696955.0	22696958.0	22710885.0	22710888.0	13930.0
22696979.0	22696998.0	22710910.0	22710929.0	13931.0
22697097.0	22697114.0	22599011.0	22599028.0	-98086.0
22697218.0	22697380.0	22599146.0	22599308.0	-98072.0
22697381.0	22697465.0	22599320.0	22599404.0	-98061.0
22697478.0	22697547.0	22599416.0	22599485.0	-98062.0
22697551.0	22697626.0	22599488.0	22599563.0	-98063.0
22697835.0	22697837.0	22599780.0	22599782.0	-98055.0
22697870.0	22697911.0	22599825.0	22599866.0	-98045.0
22698033.0	22698039.0	22599971.0	22599977.0	-98062.0
22698067.0	22698227.0	22600004.0	22600164.0	-98063.0
22698281.0	22698285.0	22600217.0	22600221.0	-98064.0
22698383.0	22698395.0	22600316.0	22600328.0	-98067.0
22698439.0	22698545.0	22600373.0	22600479.0	-98066.0
22698546.0	22698654.0	22600500.0	22600608.0	-98046.0
22698674.0	22698717.0	22600625.0	22600668.0	-98049.0
22698722.0	22698737.0	22600669.0	22600684.0	-98053.0
22698907.0	22698907.0	22600854.0	22600854.0	-98053.0
22698914.0	22698914.0	22600862.0	22600862.0	-98052.0
22699129.0	22699130.0	22601079.0	22601080.0	-98050.0
22699361.0	22699518.0	22601313.0	22601470.0	-98048.0
22699532.0	22699540.0	22601471.0	22601479.0	-98061.0
22699550.0	22699614.0	22601480.0	22601544.0	-98070.0
22699640.0	22699659.0	22601545.0	22601564.0	-98095.0
22699661.0	22699781.0	22601565.0	22601685.0	-98096.0
22699785.0	22699796.0	22601686.0	22601697.0	-98099.0
22699797.0	22699840.0	22601701.0	22601744.0	-98096.0
22699841.0	22700007.0	22601771.0	22601937.0	-98070.0
22700008.0	22700218.0	22601940.0	22602150.0	-98068.0
22700223.0	22700315.0	22602151.0	22602243.0	-98072.0
22700316.0	22700500.0	22602247.0	22602431.0	-98069.0
22700502.0	22700635.0	22602432.0	22602565.0	-98070.0
22700636.0	22700693.0	22602568.0	22602625.0	-98068.0
22700694.0	22700766.0	22602628.0	22602700.0	-98066.0
22700767.0	22700905.0	22602703.0	22602841.0	-98064.0
22700907.0	22700976.0	22602842.0	22602911.0	-98065.0
22700977.0	22701124.0	22602914.0	22603061.0	-98063.0
22701125.0	22701140.0	22603066.0	22603081.0	-98059.0
22701141.0	22701144.0	22603083.0	22603086.0	-98058.0
22701146.0	22701303.0	22603087.0	22603244.0	-98059.0
22701304.0	22701646.0	22603246.0	22603588.0	-98058.0
22701648.0	22701713.0	22603589.0	22603654.0	-98059.0
22701715.0	22701807.0	22603655.0	22603747.0	-98060.0
22701808.0	22701949.0	22603755.0	22603896.0	-98053.0
22701952.0	22702016.0	22603897.0	22603961.0	-98055.0
22702023.0	22702029.0	22603962.0	22603968.0	-98061.0
22702034.0	22702038.0	22603969.0	22603973.0	-98065.0
22702039.0	22702071.0	22603978.0	22604010.0	-98061.0
22702073.0	22702113.0	22604011.0	22604051.0	-98062.0
22702115.0	22702138.0	22604052.0	22604075.0	-98063.0
22702140.0	22702176.0	22604076.0	22604112.0	-98064.0
22702177.0	22702200.0	22604169.0	22604192.0	-98008.0
22702202.0	22702203.0	22604193.0	22604194.0	-98009.0
22702206.0	22702252.0	22604195.0	22604241.0	-98011.0
22702253.0	22702573.0	22604244.0	22604564.0	-98009.0
22702574.0	22702644.0	22604570.0	22604640.0	-98004.0
22702645.0	22702725.0	22604646.0	22604726.0	-97999.0
22702727.0	22702752.0	22604727.0	22604752.0	-98000.0
22702753.0	22702773.0	22604755.0	22604775.0	-97998.0
22702775.0	22702894.0	22604776.0	22604895.0	-97999.0
22702895.0	22702950.0	22604898.0	22604953.0	-97997.0
22702951.0	22703011.0	22425270.0	22425330.0	-277681.0
22703013.0	22709276.0	22425331.0	22431594.0	-277682.0
22709277.0	22709277.0	22431596.0	22431596.0	-277681.0
22709287.0	22709293.0	22431597.0	22431603.0	-277690.0
22709305.0	22709384.0	22431604.0	22431683.0	-277701.0
22709386.0	22709537.0	22431684.0	22431835.0	-277702.0
22709538.0	22709884.0	22431837.0	22432183.0	-277701.0
22709886.0	22716289.0	22432184.0	22438587.0	-277702.0
22716292.0	22718021.0	22438588.0	22440317.0	-277704.0
22718026.0	22718964.0	22440318.0	22441256.0	-277708.0
22718965.0	22719144.0	22441258.0	22441437.0	-277707.0
22719145.0	22719913.0	22441452.0	22442220.0	-277693.0
22719914.0	22720835.0	22442225.0	22443146.0	-277689.0
22720836.0	22722905.0	22443153.0	22445222.0	-277683.0
22722906.0	22723199.0	22445241.0	22445534.0	-277665.0
22723215.0	22723600.0	22445535.0	22445920.0	-277680.0
22723601.0	22724656.0	22446250.0	22447305.0	-277351.0
22724659.0	22725108.0	22447306.0	22447755.0	-277353.0
22725109.0	22725651.0	22447759.0	22448301.0	-277350.0
22725653.0	22725922.0	22448302.0	22448571.0	-277351.0
22725927.0	22726374.0	22448572.0	22449019.0	-277355.0
22726378.0	22726664.0	22449020.0	22449306.0	-277358.0
22726665.0	22727078.0	22449316.0	22449729.0	-277349.0
22727090.0	22727601.0	22449730.0	22450241.0	-277360.0
22727608.0	22728319.0	22450242.0	22450953.0	-277366.0
22728322.0	22730046.0	22450954.0	22452678.0	-277368.0
22730048.0	22732406.0	22452679.0	22455037.0	-277369.0
22732869.0	22732873.0	22455502.0	22455506.0	-277367.0
22733099.0	22733271.0	22455735.0	22455907.0	-277364.0
22733692.0	22735502.0	22456339.0	22458149.0	-277353.0
22735503.0	22735535.0	22458158.0	22458190.0	-277345.0
22735536.0	22736464.0	22458193.0	22459121.0	-277343.0
22736483.0	22741010.0	22459122.0	22463649.0	-277361.0
22741017.0	22741997.0	22463650.0	22464630.0	-277367.0
22742002.0	22742106.0	22464631.0	22464735.0	-277371.0
22742108.0	22742186.0	22464736.0	22464814.0	-277372.0
22742188.0	22742506.0	22464815.0	22465133.0	-277373.0
22742507.0	22742617.0	22465440.0	22465550.0	-277067.0
22742621.0	22742630.0	22465551.0	22465560.0	-277070.0
22742634.0	22742663.0	22465561.0	22465590.0	-277073.0
22742667.0	22742705.0	22465591.0	22465629.0	-277076.0
22742709.0	22742770.0	22465630.0	22465691.0	-277079.0
22742771.0	22742785.0	22465713.0	22465727.0	-277058.0
22742786.0	22742809.0	22465731.0	22465754.0	-277055.0
22742810.0	22742821.0	22465761.0	22465772.0	-277049.0
22742825.0	22742925.0	22465773.0	22465873.0	-277052.0
22742929.0	22743003.0	22465874.0	22465948.0	-277055.0
22743004.0	22743044.0	22465952.0	22465992.0	-277052.0
22743045.0	22743066.0	22465996.0	22466017.0	-277049.0
22743067.0	22743079.0	22466039.0	22466051.0	-277028.0
22743080.0	22743164.0	22466076.0	22466160.0	-277004.0
22743165.0	22743220.0	22466221.0	22466276.0	-276944.0
22743221.0	22743285.0	22466319.0	22466383.0	-276902.0
22743286.0	22743307.0	22466405.0	22466426.0	-276881.0
22743308.0	22743339.0	22466430.0	22466461.0	-276878.0
22743340.0	22743371.0	22466483.0	22466514.0	-276857.0
22743372.0	22745803.0	22466599.0	22469030.0	-276773.0
22745804.0	22746943.0	22469032.0	22470171.0	-276772.0
22746951.0	22746953.0	22470172.0	22470174.0	-276779.0
22746970.0	22749353.0	22470175.0	22472558.0	-276795.0
22750549.0	22750979.0	22455908.0	22456338.0	-294641.0
22751152.0	22751379.0	22455507.0	22455734.0	-295645.0
22751382.0	22751845.0	22455038.0	22455501.0	-296344.0
22802221.0	22802452.0	22601081.0	22601312.0	-201140.0
22802454.0	22802664.0	22600868.0	22601078.0	-201586.0
22802665.0	22802671.0	22600855.0	22600861.0	-201810.0
22802672.0	22802840.0	22600685.0	22600853.0	-201987.0
22802898.0	22802913.0	22600609.0	22600624.0	-202289.0
22803016.0	22803028.0	22600480.0	22600492.0	-202536.0
22803139.0	22803182.0	22600329.0	22600372.0	-202810.0
22803190.0	22803283.0	22600222.0	22600315.0	-202968.0
22803312.0	22803363.0	22600165.0	22600216.0	-203147.0
22803543.0	22803550.0	22599978.0	22599985.0	-203565.0
22803559.0	22803578.0	22599949.0	22599968.0	-203610.0
22803721.0	22803733.0	22599786.0	22599798.0	-203935.0
22803741.0	22803778.0	22599742.0	22599779.0	-203999.0
22803816.0	22803952.0	22599564.0	22599700.0	-204252.0
22804021.0	22804022.0	22599486.0	22599487.0	-204535.0
22804302.0	22804393.0	22599054.0	22599145.0	-205248.0
22804441.0	22804475.0	22598957.0	22598991.0	-205484.0
22804494.0	22804494.0	22598939.0	22598939.0	-205555.0
22804552.0	22804575.0	22598854.0	22598877.0	-205698.0
22804605.0	22804692.0	22710930.0	22711017.0	-93675.0
22804716.0	22804736.0	22710889.0	22710909.0	-93827.0
22804742.0	22804742.0	22710884.0	22710884.0	-93858.0
22804815.0	22804881.0	22710743.0	22710809.0	-94072.0
22804897.0	22804903.0	22710715.0	22710721.0	-94182.0
22804907.0	22805020.0	22710601.0	22710714.0	-94306.0
22805121.0	22805121.0	22710502.0	22710502.0	-94619.0
22805173.0	22805207.0	22710406.0	22710440.0	-94767.0
22805341.0	22805342.0	22710274.0	22710275.0	-95067.0
22805368.0	22805405.0	22710232.0	22710269.0	-95136.0
22805406.0	22805434.0	22710199.0	22710227.0	-95207.0
22806239.0	22806256.0	22599986.0	22600003.0	-206253.0
22806275.0	22806276.0	22599969.0	22599970.0	-206306.0
22806286.0	22806367.0	22599867.0	22599948.0	-206419.0
22806409.0	22806434.0	22599799.0	22599824.0	-206610.0
22806451.0	22806453.0	22599783.0	22599785.0	-206668.0
22806495.0	22806532.0	22599704.0	22599741.0	-206791.0
22806830.0	22806840.0	22599405.0	22599415.0	-207425.0
22807185.0	22807208.0	22599030.0	22599053.0	-208155.0
22807211.0	22807211.0	22599029.0	22599029.0	-208182.0
22807239.0	22807257.0	22598992.0	22599010.0	-208247.0
22807290.0	22807306.0	22598940.0	22598956.0	-208350.0
22807309.0	22807356.0	22598891.0	22598938.0	-208418.0
22807358.0	22807370.0	22598878.0	22598890.0	-208480.0
22807386.0	22807392.0	22598847.0	22598853.0	-208539.0
22807395.0	22807445.0	22598796.0	22598846.0	-208599.0
22807464.0	22807509.0	22598750.0	22598795.0	-208714.0
22807513.0	22807513.0	22598749.0	22598749.0	-208764.0
22807514.0	22807535.0	22598726.0	22598747.0	-208788.0
22807536.0	22807600.0	22598619.0	22598683.0	-208917.0
22807601.0	22807606.0	22598595.0	22598600.0	-209006.0
22807607.0	22807618.0	22598580.0	22598591.0	-209027.0
22807619.0	22807625.0	22598571.0	22598577.0	-209048.0
22807627.0	22807647.0	22598550.0	22598570.0	-209077.0
22807648.0	22807650.0	22598544.0	22598546.0	-209104.0
22807654.0	22807716.0	22598481.0	22598543.0	-209173.0
22807720.0	22807721.0	22598479.0	22598480.0	-209241.0
22807722.0	22807727.0	22598466.0	22598471.0	-209256.0
22807734.0	22807736.0	22598463.0	22598465.0	-209271.0
22807737.0	22807738.0	22598458.0	22598459.0	-209279.0
22807741.0	22807759.0	22598439.0	22598457.0	-209302.0
22807760.0	22807777.0	22598415.0	22598432.0	-209345.0
22990940.0	23102545.0	22770523.0	22882128.0	-220417.0
23108744.0	23108818.0	23309669.0	23309743.0	200925.0
23108825.0	23108856.0	23309637.0	23309668.0	200812.0
23108898.0	23108940.0	23309554.0	23309596.0	200656.0
23108996.0	23109661.0	23307196.0	23307861.0	198200.0
23109663.0	23109966.0	23306892.0	23307195.0	197229.0
23109967.0	23109979.0	23306877.0	23306889.0	196910.0
23109984.0	23110261.0	23306599.0	23306876.0	196615.0
23110262.0	23110270.0	23306586.0	23306594.0	196324.0
23110271.0	23110300.0	23306553.0	23306582.0	196282.0
23110301.0	23110789.0	23306059.0	23306547.0	195758.0
23112690.0	23113206.0	23305542.0	23306058.0	192852.0
23113297.0	23113298.0	23305426.0	23305427.0	192129.0
23113299.0	23113304.0	23305418.0	23305423.0	192119.0
23113305.0	23113305.0	23305416.0	23305416.0	192111.0
23113368.0	23113747.0	23304973.0	23305352.0	191605.0
23113750.0	23113785.0	23304937.0	23304972.0	191187.0
23113969.0	23114034.0	23304686.0	23304751.0	190717.0
23114582.0	23114588.0	23304106.0	23304112.0	189524.0
23160667.0	23160672.0	23173511.0	23173516.0	12844.0
23161659.0	23161666.0	23174507.0	23174514.0	12848.0
23161721.0	23161786.0	23174564.0	23174629.0	12843.0
23161835.0	23161836.0	23174673.0	23174674.0	12838.0
23161837.0	23161930.0	23174686.0	23174779.0	12849.0
23161939.0	23161941.0	23174783.0	23174785.0	12844.0
23162004.0	23162071.0	23174845.0	23174912.0	12841.0
23162072.0	23162164.0	23175977.0	23176069.0	13905.0
23162167.0	23162206.0	23176070.0	23176109.0	13903.0
23162208.0	23162212.0	23176110.0	23176114.0	13902.0
23162213.0	23162297.0	23176123.0	23176207.0	13910.0
23162298.0	23162331.0	23176209.0	23176242.0	13911.0
23162333.0	23162351.0	23176243.0	23176261.0	13910.0
23162354.0	23162381.0	23176262.0	23176289.0	13908.0
23162382.0	23162429.0	23176304.0	23176351.0	13922.0
23162462.0	23162466.0	23176352.0	23176356.0	13890.0
23162486.0	23162492.0	23176357.0	23176363.0	13871.0
23162496.0	23162513.0	23176364.0	23176381.0	13868.0
23162514.0	23162594.0	23176383.0	23176463.0	13869.0
23162595.0	23162650.0	23176465.0	23176520.0	13870.0
23162651.0	23162690.0	23176523.0	23176562.0	13872.0
23162691.0	23162822.0	23176564.0	23176695.0	13873.0
23162823.0	23162864.0	23176700.0	23176741.0	13877.0
23162869.0	23162896.0	23176742.0	23176769.0	13873.0
23162898.0	23163095.0	23176770.0	23176967.0	13872.0
23163096.0	23163103.0	23176977.0	23176984.0	13881.0
23163209.0	23163392.0	23177078.0	23177261.0	13869.0
23163402.0	23163559.0	23177269.0	23177426.0	13867.0
23163569.0	23163577.0	23177430.0	23177438.0	13861.0
23163642.0	23163725.0	23177502.0	23177585.0	13860.0
23163753.0	23164034.0	23177612.0	23177893.0	13859.0
23164068.0	23164455.0	23177931.0	23178318.0	13863.0
23164456.0	23164758.0	23178340.0	23178642.0	13884.0
23164761.0	23164765.0	23178643.0	23178647.0	13882.0
23164766.0	23164938.0	23178657.0	23178829.0	13891.0
23164940.0	23164966.0	23178830.0	23178856.0	13890.0
23164972.0	23164982.0	23178857.0	23178867.0	13885.0
23254635.0	23254846.0	23156777.0	23156988.0	-97858.0
23274142.0	23274156.0	23068576.0	23068590.0	-205566.0
23274157.0	23274205.0	23068526.0	23068574.0	-205631.0
23274206.0	23274208.0	23068521.0	23068523.0	-205685.0
23274210.0	23274213.0	23068517.0	23068520.0	-205693.0
23274219.0	23274249.0	23068486.0	23068516.0	-205733.0
23274253.0	23274345.0	23176985.0	23177077.0	-97268.0
23274527.0	23274533.0	23177262.0	23177268.0	-97265.0
23274685.0	23274687.0	23177427.0	23177429.0	-97258.0
23274710.0	23274772.0	23177439.0	23177501.0	-97271.0
23274857.0	23274882.0	23177586.0	23177611.0	-97271.0
23275188.0	23275224.0	23177894.0	23177930.0	-97294.0
23349720.0	23349759.0	23309597.0	23309636.0	-40123.0
23349802.0	23349925.0	23309427.0	23309550.0	-40375.0
23349930.0	23349971.0	23309385.0	23309426.0	-40545.0
23349972.0	23350069.0	23309286.0	23309383.0	-40686.0
23350070.0	23350074.0	23309278.0	23309282.0	-40792.0
23350079.0	23350173.0	23309183.0	23309277.0	-40896.0
23350174.0	23350175.0	23309179.0	23309180.0	-40995.0
23350178.0	23350231.0	23309125.0	23309178.0	-41053.0
23350232.0	23350322.0	23309023.0	23309113.0	-41209.0
23350324.0	23350641.0	23308705.0	23309022.0	-41619.0
23350646.0	23350702.0	23308648.0	23308704.0	-41998.0
23350703.0	23351487.0	23307862.0	23308646.0	-42841.0
23353084.0	23353193.0	23305428.0	23305537.0	-47656.0
23353194.0	23353194.0	23305424.0	23305424.0	-47770.0
23353201.0	23353263.0	23305353.0	23305415.0	-47848.0
23377019.0	23377203.0	23304752.0	23304936.0	-72267.0
23377269.0	23377841.0	23304113.0	23304685.0	-73156.0
23377851.0	23378047.0	23303909.0	23304105.0	-73942.0
23378051.0	23379711.0	23302248.0	23303908.0	-75803.0
23379712.0	23381055.0	23300900.0	23302243.0	-78812.0
23381060.0	23382168.0	23299791.0	23300899.0	-81269.0
23382169.0	23382181.0	23299777.0	23299789.0	-82392.0
23382186.0	23382849.0	23299113.0	23299776.0	-83073.0
23382851.0	23382931.0	23299032.0	23299112.0	-83819.0
23382932.0	23383108.0	23298848.0	23299024.0	-84084.0
23383113.0	23383321.0	23298639.0	23298847.0	-84474.0
23383322.0	23385098.0	23296857.0	23298633.0	-86465.0
23385101.0	23385986.0	23295971.0	23296856.0	-89130.0
23385987.0	23386226.0	23295729.0	23295968.0	-90258.0
23386231.0	23386610.0	23295349.0	23295728.0	-90882.0
23386611.0	23387455.0	23294498.0	23295342.0	-92113.0
23387457.0	23387800.0	23294154.0	23294497.0	-93303.0
23387803.0	23390082.0	23291874.0	23294153.0	-95929.0
23390083.0	23391659.0	23290296.0	23291872.0	-99787.0
23391663.0	23392115.0	23289843.0	23290295.0	-101820.0
23392118.0	23393028.0	23288932.0	23289842.0	-103186.0
23393029.0	23394137.0	23287820.0	23288928.0	-105209.0
23394138.0	23395612.0	23286327.0	23287801.0	-107811.0
23395613.0	23396253.0	23285685.0	23286325.0	-109928.0
23396254.0	23402416.0	23316896.0	23323058.0	-79358.0
23402417.0	23402921.0	23279017.0	23279521.0	-123400.0
23402922.0	23402924.0	23278998.0	23279000.0	-123924.0
23402925.0	23404064.0	23277851.0	23278990.0	-125074.0
23404066.0	23405041.0	23276875.0	23277850.0	-127191.0
23406491.0	23406519.0	23327197.0	23327225.0	-79294.0
23406565.0	23406654.0	23327268.0	23327357.0	-79297.0
23406801.0	23406830.0	23327480.0	23327509.0	-79321.0
23407159.0	23407159.0	23327196.0	23327196.0	-79963.0
23407191.0	23407227.0	23327231.0	23327267.0	-79960.0
23407313.0	23407433.0	23327359.0	23327479.0	-79954.0
23407773.0	23407792.0	23327816.0	23327835.0	-79957.0
23408098.0	23408281.0	23328183.0	23328366.0	-79915.0
23408282.0	23408360.0	23328368.0	23328446.0	-79914.0
23409447.0	23411880.0	23329540.0	23331973.0	-79907.0
23411881.0	23413974.0	23134492.0	23136585.0	-277389.0
23413975.0	23414903.0	23136604.0	23137532.0	-277371.0
23414906.0	23414938.0	23137533.0	23137565.0	-277373.0
23414947.0	23417152.0	23137566.0	23139771.0	-277381.0
23417163.0	23417187.0	23139772.0	23139796.0	-277391.0
23417189.0	23417586.0	23139797.0	23140194.0	-277392.0
23417590.0	23418056.0	23140195.0	23140661.0	-277395.0
23418059.0	23419062.0	23140662.0	23141665.0	-277397.0
23421704.0	23422142.0	23144308.0	23144746.0	-277396.0
23422143.0	23422854.0	23144749.0	23145460.0	-277394.0
23422855.0	23423366.0	23145467.0	23145978.0	-277388.0
23423367.0	23423780.0	23145990.0	23146403.0	-277377.0
23423790.0	23424076.0	23146404.0	23146690.0	-277386.0
23424077.0	23424524.0	23146694.0	23147141.0	-277383.0
23424525.0	23424794.0	23147146.0	23147415.0	-277379.0
23424795.0	23425337.0	23147417.0	23147959.0	-277378.0
23425341.0	23425790.0	23147960.0	23148409.0	-277381.0
23425791.0	23426846.0	23148412.0	23149467.0	-277379.0
23427176.0	23427561.0	23149468.0	23149853.0	-277708.0
23427562.0	23427855.0	23149869.0	23150162.0	-277693.0
23427874.0	23429943.0	23150163.0	23152232.0	-277711.0
23429950.0	23430871.0	23152233.0	23153154.0	-277717.0
23430876.0	23431644.0	23153155.0	23153923.0	-277721.0
23431659.0	23431838.0	23153924.0	23154103.0	-277735.0
23431840.0	23432778.0	23154104.0	23155042.0	-277736.0
23432779.0	23434508.0	23155047.0	23156776.0	-277732.0
23434719.0	23440912.0	23156989.0	23163182.0	-277730.0
23440913.0	23441259.0	23163184.0	23163530.0	-277729.0
23441261.0	23441412.0	23163531.0	23163682.0	-277730.0
23441413.0	23441492.0	23163684.0	23163763.0	-277729.0
23441493.0	23441499.0	23163775.0	23163781.0	-277718.0
23441500.0	23441500.0	23163791.0	23163791.0	-277709.0
23441502.0	23447765.0	23163792.0	23170055.0	-277710.0
23447766.0	23451219.0	23170057.0	23173510.0	-277709.0
23451224.0	23452213.0	23173517.0	23174506.0	-277707.0
23452224.0	23452272.0	23174515.0	23174563.0	-277709.0
23452341.0	23452383.0	23174630.0	23174672.0	-277711.0
23452475.0	23452477.0	23174780.0	23174782.0	-277695.0
23452482.0	23452532.0	23174786.0	23174836.0	-277696.0
23452533.0	23452539.0	23174838.0	23174844.0	-277695.0
23452597.0	23452661.0	23174913.0	23174977.0	-277684.0
23452662.0	23452722.0	23174979.0	23175039.0	-277683.0
23452723.0	23452736.0	23175053.0	23175066.0	-277670.0
23452739.0	23452743.0	23175067.0	23175071.0	-277672.0
23452744.0	23452757.0	23175080.0	23175093.0	-277664.0
23452758.0	23452759.0	23175096.0	23175097.0	-277662.0
23452762.0	23452781.0	23175098.0	23175117.0	-277664.0
23568200.0	23572336.0	23323059.0	23327195.0	-245141.0
23572367.0	23572371.0	23327226.0	23327230.0	-245141.0
23572481.0	23572481.0	23327358.0	23327358.0	-245123.0
23572615.0	23572920.0	23327510.0	23327815.0	-245105.0
23572983.0	23573329.0	23327836.0	23328182.0	-245147.0
23573595.0	23574686.0	23328447.0	23329538.0	-245148.0
23577121.0	27589540.0	23331974.0	27344393.0	-245147.0
27589541.0	29159443.0	27344395.0	28914297.0	-245146.0
29209444.0	29477351.0	28917241.0	29185148.0	-292203.0
29477353.0	30039659.0	29185149.0	29747455.0	-292204.0
30039660.0	32396074.0	29747457.0	32103871.0	-292203.0
32396075.0	40700008.0	32103874.0	40407807.0	-292201.0
40700009.0	40871365.0	40407810.0	40579166.0	-292199.0
40871366.0	47436727.0	40579168.0	47144529.0	-292198.0
47436728.0	54519945.0	47144531.0	54227748.0	-292197.0
54519947.0	58375091.0	54227749.0	58082893.0	-292198.0
58375093.0	65222472.0	58082894.0	64930273.0	-292199.0
65222473.0	65225162.0	64930275.0	64932964.0	-292198.0
65225164.0	65226001.0	64932965.0	64933802.0	-292199.0
65226003.0	65226883.0	64933803.0	64934683.0	-292200.0
65226884.0	65227443.0	64934685.0	64935244.0	-292199.0
65227444.0	65231155.0	64935246.0	64938957.0	-292198.0
65231156.0	65232354.0	64938959.0	64940157.0	-292197.0
65232356.0	65232816.0	64940158.0	64940618.0	-292198.0
65232817.0	65234886.0	64940620.0	64942689.0	-292197.0
65234887.0	65235863.0	64942691.0	64943667.0	-292196.0
65235865.0	65237828.0	64943668.0	64945631.0	-292197.0
65237851.0	65237869.0	64945632.0	64945650.0	-292219.0
65237871.0	65240267.0	64945651.0	64948047.0	-292220.0
65240269.0	65242950.0	64948048.0	64950729.0	-292221.0
65242951.0	65243514.0	64950736.0	64951299.0	-292215.0
65243539.0	65243569.0	64951300.0	64951330.0	-292239.0
65243570.0	65243586.0	64951333.0	64951349.0	-292237.0
65243588.0	65243639.0	64951350.0	64951401.0	-292238.0
65243640.0	65243665.0	64951405.0	64951430.0	-292235.0
65243669.0	65243687.0	64951431.0	64951449.0	-292238.0
65243691.0	65243713.0	64951450.0	64951472.0	-292241.0
65243716.0	65243733.0	64951473.0	64951490.0	-292243.0
65243737.0	65243783.0	64951491.0	64951537.0	-292246.0
65243787.0	65243809.0	64951538.0	64951560.0	-292249.0
65243825.0	65243841.0	64951561.0	64951577.0	-292264.0
65243845.0	65243886.0	64951578.0	64951619.0	-292267.0
65243887.0	65243939.0	64951625.0	64951677.0	-292262.0
65243940.0	65243964.0	64951682.0	64951706.0	-292258.0
65243994.0	65244148.0	64951707.0	64951861.0	-292287.0
65244149.0	65244367.0	64951865.0	64952083.0	-292284.0
65244368.0	65244397.0	64952085.0	64952114.0	-292283.0
65244398.0	65244615.0	64952120.0	64952337.0	-292278.0
65244619.0	65244662.0	64952338.0	64952381.0	-292281.0
65244663.0	65244692.0	64952385.0	64952414.0	-292278.0
65244693.0	65244698.0	64952418.0	64952423.0	-292275.0
65244701.0	65244796.0	64952424.0	64952519.0	-292277.0
65244807.0	65244883.0	64952520.0	64952596.0	-292287.0
65244884.0	65244932.0	64952600.0	64952648.0	-292284.0
65244953.0	65245057.0	64952649.0	64952753.0	-292304.0
65245058.0	65245088.0	64952757.0	64952787.0	-292301.0
65245089.0	65245159.0	64952791.0	64952861.0	-292298.0
65245166.0	65245265.0	64952862.0	64952961.0	-292304.0
65245268.0	65245284.0	64952962.0	64952978.0	-292306.0
65245293.0	65245315.0	64952979.0	64953001.0	-292314.0
65245319.0	65245367.0	64953002.0	64953050.0	-292317.0
65245370.0	65245471.0	64953051.0	64953152.0	-292319.0
65245472.0	65245485.0	64953157.0	64953170.0	-292315.0
65245486.0	65245521.0	64953174.0	64953209.0	-292312.0
65245522.0	65245689.0	64953213.0	64953380.0	-292309.0
65245690.0	65245741.0	64953384.0	64953435.0	-292306.0
65245745.0	65245768.0	64953436.0	64953459.0	-292309.0
65245769.0	65245787.0	64953466.0	64953484.0	-292303.0
65245788.0	65245838.0	64953488.0	64953538.0	-292300.0
65245859.0	65245935.0	64953539.0	64953615.0	-292320.0
65245968.0	65245980.0	64953616.0	64953628.0	-292352.0
65245990.0	65246014.0	64953629.0	64953653.0	-292361.0
65246017.0	65246021.0	64953654.0	64953658.0	-292363.0
65246027.0	65246031.0	64953659.0	64953663.0	-292368.0
65246040.0	65246090.0	64953664.0	64953714.0	-292376.0
65246091.0	65246148.0	64953724.0	64953781.0	-292367.0
65246154.0	65246215.0	64953782.0	64953843.0	-292372.0
65246216.0	65246237.0	64953855.0	64953876.0	-292361.0
65246241.0	65246270.0	64953877.0	64953906.0	-292364.0
65246271.0	65246295.0	64953910.0	64953934.0	-292361.0
65246300.0	65246324.0	64953935.0	64953959.0	-292365.0
65246325.0	65246342.0	64953961.0	64953978.0	-292364.0
65246347.0	65246389.0	64953979.0	64954021.0	-292368.0
65246394.0	65246427.0	64954022.0	64954055.0	-292372.0
65246428.0	65246446.0	64954059.0	64954077.0	-292369.0
65246447.0	65246538.0	64954081.0	64954172.0	-292366.0
65246539.0	65246628.0	64954216.0	64954305.0	-292323.0
65246638.0	65246654.0	64954306.0	64954322.0	-292332.0
65246655.0	65246706.0	64954330.0	64954381.0	-292325.0
65246713.0	65246871.0	64954382.0	64954540.0	-292331.0
65246872.0	65246961.0	64954544.0	64954633.0	-292328.0
65246965.0	65247049.0	64954634.0	64954718.0	-292331.0
65247053.0	65247078.0	64954719.0	64954744.0	-292334.0
65247083.0	65247215.0	64954745.0	64954877.0	-292338.0
65247219.0	65247271.0	64954878.0	64954930.0	-292341.0
65247275.0	65247392.0	64954931.0	64955048.0	-292344.0
65247396.0	65248586.0	64955049.0	64956239.0	-292347.0
65248587.0	65248896.0	64956244.0	64956553.0	-292343.0
65248897.0	65249801.0	64956558.0	64957462.0	-292339.0
65249805.0	65254000.0	64957463.0	64961658.0	-292342.0
65254001.0	65259241.0	64961660.0	64966900.0	-292341.0
65259242.0	65259805.0	64966907.0	64967470.0	-292335.0
65259807.0	65260676.0	64967471.0	64968340.0	-292336.0
65260678.0	65262024.0	64968341.0	64969687.0	-292337.0
65262026.0	68678275.0	64969688.0	68385937.0	-292338.0
68678277.0	69314865.0	68385938.0	69022526.0	-292339.0
69314867.0	69410384.0	69022527.0	69118044.0	-292340.0
69410385.0	72099982.0	69118046.0	71807643.0	-292339.0
72099984.0	72105932.0	71807644.0	71813592.0	-292340.0
72105934.0	74679075.0	71813593.0	74386734.0	-292341.0
74679076.0	74688068.0	74386736.0	74395728.0	-292340.0
74688070.0	77335103.0	74395729.0	77042762.0	-292341.0
77335105.0	80723895.0	77042763.0	80431553.0	-292342.0
80723896.0	82582506.0	80431555.0	82290165.0	-292341.0
82582508.0	82584210.0	82290166.0	82291868.0	-292342.0
82587953.0	82591608.0	82295615.0	82299270.0	-292338.0
82597608.0	82603067.0	82305270.0	82310729.0	-292338.0
82603069.0	82603690.0	82310730.0	82311351.0	-292339.0
82603691.0	82604188.0	82311356.0	82311853.0	-292335.0
82615448.0	82615671.0	82323112.0	82323335.0	-292336.0
82622807.0	82622810.0	82330451.0	82330454.0	-292356.0
82631821.0	82634044.0	82339467.0	82341690.0	-292354.0
82637456.0	82637692.0	82433994.0	82434230.0	-203462.0
82640743.0	82640907.0	82520353.0	82520517.0	-120390.0
82642499.0	82645508.0	82515750.0	82518759.0	-126749.0
82645714.0	82646035.0	82515224.0	82515545.0	-130490.0
82646245.0	82646256.0	82515002.0	82515013.0	-131243.0
82648293.0	82650693.0	82510556.0	82512956.0	-137737.0
82651366.0	82651490.0	82359147.0	82359271.0	-292219.0
82651985.0	82652112.0	82359767.0	82359894.0	-292218.0
82659458.0	82659469.0	82367227.0	82367238.0	-292231.0
82659531.0	82659586.0	82367328.0	82367383.0	-292203.0
82659590.0	82663213.0	82367384.0	82371007.0	-292206.0
82663214.0	82663373.0	82371010.0	82371169.0	-292204.0
82664413.0	82664413.0	82372211.0	82372211.0	-292202.0
82664416.0	82665339.0	82372212.0	82373135.0	-292204.0
82674755.0	82674758.0	82382552.0	82382555.0	-292203.0
82674763.0	82676114.0	82382556.0	82383907.0	-292207.0
82676131.0	82676302.0	82383908.0	82384079.0	-292223.0
82677957.0	82678889.0	82385736.0	82386668.0	-292221.0
82680436.0	82680946.0	82388223.0	82388733.0	-292213.0
82681866.0	82689365.0	82389655.0	82397154.0	-292211.0
82690860.0	82690864.0	82398648.0	82398652.0	-292212.0
82691362.0	82694946.0	82399151.0	82402735.0	-292211.0
82694947.0	82698870.0	82402741.0	82406664.0	-292206.0
82698871.0	82704976.0	82406666.0	82412771.0	-292205.0
82721016.0	82723891.0	82428811.0	82431686.0	-292205.0
82723892.0	82726194.0	82431691.0	82433993.0	-292201.0
82735088.0	82735147.0	82442881.0	82442940.0	-292207.0
82739922.0	82739925.0	82447775.0	82447778.0	-292147.0
82741721.0	82742873.0	82449568.0	82450720.0	-292153.0
82747942.0	82747945.0	82455775.0	82455778.0	-292167.0
82748651.0	82749553.0	82456479.0	82457381.0	-292172.0
82749583.0	82752926.0	82457441.0	82460784.0	-292142.0
82752947.0	82758220.0	82460804.0	82466077.0	-292143.0
82758225.0	82758721.0	82466081.0	82466577.0	-292144.0
82758722.0	82764724.0	82466586.0	82472588.0	-292136.0
82764744.0	82770926.0	82472603.0	82478785.0	-292141.0
82771509.0	82771826.0	82479365.0	82479682.0	-292144.0
82774020.0	82774577.0	82481886.0	82482443.0	-292134.0
82774582.0	82775702.0	82482444.0	82483564.0	-292138.0
82777351.0	82778050.0	82485229.0	82485928.0	-292122.0
82779632.0	82779808.0	82487517.0	82487693.0	-292115.0
82780546.0	82780634.0	82488433.0	82488521.0	-292113.0
82785651.0	82785654.0	82501474.0	82501477.0	-284177.0
82785725.0	82785726.0	82501553.0	82501554.0	-284172.0
82785900.0	82785903.0	82501478.0	82501481.0	-284422.0
82785968.0	82785990.0	82501555.0	82501577.0	-284413.0
82786077.0	82786094.0	82501672.0	82501689.0	-284405.0
82786704.0	82793697.0	82502296.0	82509289.0	-284408.0
82794849.0	82794965.0	82358478.0	82358594.0	-436371.0
82796228.0	82799408.0	82354032.0	82357212.0	-442196.0
82799409.0	82799625.0	82353814.0	82354030.0	-445595.0
82799627.0	82799947.0	82353493.0	82353813.0	-446134.0
82799948.0	82803610.0	82349829.0	82353491.0	-450119.0
82804471.0	82804533.0	82520058.0	82520120.0	-284413.0
82807981.0	82808166.0	82523566.0	82523751.0	-284415.0
82808440.0	82808566.0	82523920.0	82524046.0	-284520.0
82808588.0	82808869.0	82524047.0	82524328.0	-284541.0
82808969.0	82808996.0	82524506.0	82524533.0	-284463.0
82824996.0	82829645.0	82540588.0	82545237.0	-284408.0
82881532.0	82885277.0	82291869.0	82295614.0	-589663.0
82888939.0	82892404.0	82299271.0	82302736.0	-589668.0
82892405.0	82894936.0	82302738.0	82305269.0	-589667.0
82901516.0	82912773.0	82311854.0	82323111.0	-589662.0
82913019.0	82920133.0	82323336.0	82330450.0	-589683.0
82920136.0	82929147.0	82330455.0	82339466.0	-589681.0
82931372.0	82932320.0	82341691.0	82342639.0	-589681.0
82932436.0	82934893.0	82342758.0	82345215.0	-589678.0
82936650.0	82937520.0	82346929.0	82347799.0	-589721.0
82937535.0	82939275.0	82347813.0	82349553.0	-589722.0
82939277.0	82939551.0	82349554.0	82349828.0	-589723.0
82939552.0	82939989.0	82518760.0	82519197.0	-420792.0
82942999.0	82943202.0	82515546.0	82515749.0	-427453.0
82943524.0	82943733.0	82515014.0	82515223.0	-428510.0
82945698.0	82945777.0	82512966.0	82513045.0	-432732.0
82945778.0	82945778.0	82512964.0	82512964.0	-432814.0
82948188.0	82949453.0	82509290.0	82510555.0	-438898.0
82950204.0	82959226.0	82488522.0	82497544.0	-461682.0
82959311.0	82960049.0	82487694.0	82488432.0	-471617.0
82960224.0	82961805.0	82485929.0	82487510.0	-474295.0
82962506.0	82962661.0	82485072.0	82485227.0	-477434.0
82962668.0	82964013.0	82483726.0	82485071.0	-478942.0
82964014.0	82964170.0	82483565.0	82483721.0	-480449.0
82966800.0	82968051.0	82479683.0	82480934.0	-487117.0
82968370.0	82968947.0	82478786.0	82479363.0	-489584.0
82975138.0	82975151.0	82472589.0	82472602.0	-502549.0
82981153.0	82981153.0	82466578.0	82466578.0	-514575.0
82981652.0	82981654.0	82466078.0	82466080.0	-515574.0
82986929.0	82986947.0	82460785.0	82460803.0	-526144.0
82990304.0	82990325.0	82457419.0	82457440.0	-532885.0
82991268.0	82991277.0	82456469.0	82456478.0	-534799.0
82991982.0	82992004.0	82455752.0	82455774.0	-536230.0
82993278.0	82997037.0	82450721.0	82454480.0	-542557.0
82998192.0	82999980.0	82447779.0	82449567.0	-550413.0
83000001.0	83002699.0	82445076.0	82447774.0	-554925.0
83002700.0	83003152.0	82444621.0	82445073.0	-558079.0
83003154.0	83004833.0	82442941.0	82444620.0	-560213.0
83004898.0	83006566.0	82441212.0	82442880.0	-563686.0
83006778.0	83007730.0	82440050.0	82441002.0	-566728.0
83011278.0	83011395.0	82342640.0	82342757.0	-668638.0
83013939.0	83015651.0	82345216.0	82346928.0	-668723.0
83016522.0	83016534.0	82347800.0	82347812.0	-668722.0
83017400.0	83017631.0	82520121.0	82520352.0	-497279.0
83018120.0	83018552.0	82519198.0	82519630.0	-498922.0
83022744.0	83024699.0	82513046.0	82515001.0	-509698.0
83024779.0	83024785.0	82512957.0	82512963.0	-511822.0
83027438.0	83027605.0	82358729.0	82358896.0	-668709.0
83027608.0	83027857.0	82358897.0	82359146.0	-668711.0
83027984.0	83028478.0	82359272.0	82359766.0	-668712.0
83028608.0	83028734.0	82359895.0	82360021.0	-668713.0
83028748.0	83028854.0	82360022.0	82360128.0	-668726.0
83028855.0	83029176.0	82360132.0	82360453.0	-668723.0
83029179.0	83030663.0	82360454.0	82361938.0	-668725.0
83030667.0	83035954.0	82361939.0	82367226.0	-668728.0
83035983.0	83036003.0	82367239.0	82367259.0	-668744.0
83036004.0	83036068.0	82367263.0	82367327.0	-668741.0
83039755.0	83039755.0	82371008.0	82371008.0	-668747.0
83039916.0	83040956.0	82371170.0	82372210.0	-668746.0
83041881.0	83051296.0	82373136.0	82382551.0	-668745.0
83052835.0	83054489.0	82384080.0	82385734.0	-668755.0
83055423.0	83056969.0	82386669.0	82388215.0	-668754.0
83057481.0	83058400.0	82388734.0	82389653.0	-668747.0
83065901.0	83067393.0	82397155.0	82398647.0	-668746.0
83067394.0	83067890.0	82398654.0	82399150.0	-668740.0
83081502.0	83090554.0	82412772.0	82421824.0	-668730.0
83090556.0	83097540.0	82421825.0	82428809.0	-668731.0
83102956.0	83108774.0	82434231.0	82440049.0	-668725.0
83109730.0	83109938.0	82441003.0	82441211.0	-668727.0
83123179.0	83124449.0	82454481.0	82455751.0	-668698.0
83124481.0	83125170.0	82455779.0	82456468.0	-668702.0
83126086.0	83126122.0	82457382.0	82457418.0	-668704.0
83149663.0	83150607.0	82480940.0	82481884.0	-668723.0
83166266.0	83166506.0	82497545.0	82497785.0	-668721.0
83166509.0	83166679.0	82497786.0	82497956.0	-668723.0
83166681.0	83167064.0	82497957.0	82498340.0	-668724.0
83167066.0	83167726.0	82498341.0	82499001.0	-668725.0
83167727.0	83170194.0	82499006.0	82501473.0	-668721.0
83170198.0	83170268.0	82501482.0	82501552.0	-668716.0
83170296.0	83170387.0	82501578.0	82501669.0	-668718.0
83170405.0	83170480.0	82501690.0	82501765.0	-668715.0
83170748.0	83171277.0	82501766.0	82502295.0	-668982.0
83179543.0	83180804.0	82357216.0	82358477.0	-822327.0
83188620.0	83189046.0	82519631.0	82520057.0	-668989.0
83189506.0	83192553.0	82520518.0	82523565.0	-668988.0
83192743.0	83192910.0	82523752.0	82523919.0	-668991.0
83193215.0	83193313.0	82524407.0	82524505.0	-668808.0
83193323.0	83194949.0	82524534.0	82526160.0	-668789.0
83194950.0	83195335.0	82526162.0	82526547.0	-668788.0
83195336.0	83209338.0	82526585.0	82540587.0	-668751.0
83213988.0	83248668.0	82545238.0	82579918.0	-668750.0
83248669.0	83253652.0	82579920.0	82584903.0	-668749.0
83253654.0	83254993.0	82584904.0	82586243.0	-668750.0
83254995.0	83258960.0	82586244.0	82590209.0	-668751.0
83258961.0	83269647.0	82590211.0	82600897.0	-668750.0
83269648.0	83275566.0	82600899.0	82606817.0	-668749.0
83275568.0	83279708.0	82606818.0	82610958.0	-668750.0
83279710.0	83324743.0	82610959.0	82655992.0	-668751.0
83324745.0	84938818.0	82655993.0	84270066.0	-668752.0
84938819.0	84967655.0	84384121.0	84412957.0	-554698.0
84967657.0	84969184.0	84412958.0	84414485.0	-554699.0
84969185.0	84979762.0	84414487.0	84425064.0	-554698.0
84979764.0	84984473.0	84425065.0	84429774.0	-554699.0
85034474.0	90355907.0	84491243.0	89812676.0	-543231.0
90355909.0	91188636.0	89812677.0	90645404.0	-543232.0
91188637.0	91287990.0	90645406.0	90744759.0	-543231.0
91287991.0	93600049.0	90744761.0	93056819.0	-543230.0
93600050.0	96941290.0	93056821.0	96398061.0	-543229.0
96941292.0	98567546.0	96398062.0	98024316.0	-543230.0
98567547.0	99621858.0	98024318.0	99078629.0	-543229.0
99621859.0	99628072.0	99078631.0	99084844.0	-543228.0
99628074.0	99630142.0	99084845.0	99086913.0	-543229.0
99630143.0	99630420.0	99089941.0	99090218.0	-540202.0
99630421.0	99635515.0	99090220.0	99095314.0	-540201.0
99635518.0	99644759.0	99095315.0	99104556.0	-540203.0
99644763.0	99646107.0	99104557.0	99105901.0	-540206.0
99646108.0	102029688.0	99105903.0	101489483.0	-540205.0
102029689.0	102521392.0	101489486.0	101981189.0	-540203.0
