19000001.0	19489121.0	18223524.0	18712644.0	-776477.0
19489122.0	19492050.0	18903371.0	18906299.0	-585751.0
19492053.0	19498780.0	18906300.0	18913027.0	-585753.0
19498782.0	19498939.0	18913028.0	18913185.0	-585754.0
19498940.0	19499630.0	18913187.0	18913877.0	-585753.0
19499632.0	19500274.0	18913878.0	18914520.0	-585754.0
19500275.0	19501327.0	18914522.0	18915574.0	-585753.0
19501328.0	19503030.0	18915576.0	18917278.0	-585752.0
19503032.0	19503362.0	18917279.0	18917609.0	-585753.0
19503372.0	19506303.0	18917610.0	18920541.0	-585762.0
19506304.0	19507604.0	18920545.0	18921845.0	-585759.0
19507606.0	19508645.0	18921846.0	18922885.0	-585760.0
19508646.0	19510920.0	18922887.0	18925161.0	-585759.0
19510925.0	19513919.0	18925162.0	18928156.0	-585763.0
19513920.0	19514387.0	18928159.0	18928626.0	-585761.0
19514388.0	19516107.0	18928628.0	18930347.0	-585760.0
19516108.0	19520396.0	18930349.0	18934637.0	-585759.0
19520397.0	19521581.0	18934639.0	18935823.0	-585758.0
19521583.0	19524112.0	18935824.0	18938353.0	-585759.0
19524113.0	19528877.0	18938355.0	18943119.0	-585758.0
19528879.0	19536073.0	18943120.0	18950314.0	-585759.0
19536074.0	19536134.0	18950317.0	18950377.0	-585757.0
19536135.0	19536246.0	18950382.0	18950493.0	-585753.0
19536247.0	19537594.0	18950495.0	18951842.0	-585752.0
19537596.0	19537872.0	18951843.0	18952119.0	-585753.0
19537873.0	19539335.0	18952121.0	18953583.0	-585752.0
19539336.0	19539915.0	18953585.0	18954164.0	-585751.0
19539916.0	19539918.0	18954168.0	18954170.0	-585748.0
19539923.0	19541018.0	18954171.0	18955266.0	-585752.0
19541020.0	19542826.0	18955267.0	18957073.0	-585753.0
19542827.0	19544416.0	18957075.0	18958664.0	-585752.0
19544572.0	19546195.0	18958665.0	18960288.0	-585907.0
19546196.0	19548618.0	18960290.0	18962712.0	-585906.0
19548621.0	19549329.0	18962713.0	18963421.0	-585908.0
19549342.0	19549622.0	18963422.0	18963702.0	-585920.0
19549624.0	19551491.0	18963703.0	18965570.0	-585921.0
19551492.0	19552054.0	18965572.0	18966134.0	-585920.0
19552057.0	19552665.0	18966135.0	18966743.0	-585922.0
19552678.0	19553010.0	18966744.0	18967076.0	-585934.0
19553011.0	19553046.0	18967078.0	18967113.0	-585933.0
19553047.0	19553048.0	18967117.0	18967118.0	-585930.0
19553049.0	19553049.0	18967122.0	18967122.0	-585927.0
19553054.0	19554398.0	18967123.0	18968467.0	-585931.0
19554407.0	19554409.0	18968468.0	18968470.0	-585939.0
19554412.0	19554778.0	18968471.0	18968837.0	-585941.0
19554779.0	19555298.0	18968839.0	18969358.0	-585940.0
19555317.0	19556471.0	18969359.0	18970513.0	-585958.0
19556472.0	19561064.0	18970515.0	18975107.0	-585957.0
19561065.0	19562168.0	18975120.0	18976223.0	-585945.0
19562169.0	19562731.0	18976228.0	18976790.0	-585941.0
19562733.0	19562735.0	18976791.0	18976793.0	-585942.0
19562736.0	19562877.0	18976795.0	18976936.0	-585941.0
19562879.0	19563219.0	18976937.0	18977277.0	-585942.0
19563220.0	19568703.0	18977282.0	18982765.0	-585938.0
19568704.0	19571463.0	18982767.0	18985526.0	-585937.0
19571466.0	19571870.0	18985527.0	18985931.0	-585939.0
19571877.0	19571931.0	18985932.0	18985986.0	-585945.0
19571935.0	19572283.0	18985987.0	18986335.0	-585948.0
19572284.0	19572954.0	18986354.0	18987024.0	-585930.0
19572956.0	19577084.0	18987025.0	18991153.0	-585931.0
19577085.0	19590061.0	18991155.0	19004131.0	-585930.0
19590062.0	19590132.0	19004133.0	19004203.0	-585929.0
19590133.0	19590183.0	19004205.0	19004255.0	-585928.0
19590185.0	19590199.0	19004256.0	19004270.0	-585929.0
19590204.0	19595441.0	19004271.0	19009508.0	-585933.0
19595442.0	19595963.0	19009530.0	19010051.0	-585912.0
19595982.0	19597213.0	19010069.0	19011300.0	-585913.0
19597235.0	19597745.0	19011301.0	19011811.0	-585934.0
19597753.0	19597970.0	19011816.0	19012033.0	-585937.0
19597971.0	19598381.0	19012036.0	19012446.0	-585935.0
19598901.0	19598917.0	19010052.0	19010068.0	-588849.0
19599521.0	19599524.0	19011812.0	19011815.0	-587709.0
19600153.0	19601652.0	19012447.0	19013946.0	-587706.0
19601653.0	19601877.0	19013951.0	19014175.0	-587702.0
19601880.0	19602181.0	19014176.0	19014477.0	-587704.0
19602183.0	19604497.0	19014478.0	19016792.0	-587705.0
19604498.0	19605343.0	19016800.0	19017645.0	-587698.0
19605344.0	19605968.0	19017648.0	19018272.0	-587696.0
19605972.0	19605996.0	19018273.0	19018297.0	-587699.0
19605998.0	19607374.0	19018298.0	19019674.0	-587700.0
19607387.0	19607487.0	19019675.0	19019775.0	-587712.0
19607496.0	19609042.0	19019776.0	19021322.0	-587720.0
19609061.0	19609671.0	19021323.0	19021933.0	-587738.0
19609673.0	19610055.0	19021934.0	19022316.0	-587739.0
19610057.0	19610264.0	19022317.0	19022524.0	-587740.0
19610265.0	19610372.0	19022526.0	19022633.0	-587739.0
19610373.0	19610598.0	19022635.0	19022860.0	-587738.0
19610600.0	19610955.0	19022861.0	19023216.0	-587739.0
19610956.0	19610964.0	19023221.0	19023229.0	-587735.0
19610965.0	19611012.0	19023234.0	19023281.0	-587731.0
19611013.0	19611036.0	19023290.0	19023313.0	-587723.0
19611037.0	19611071.0	19023326.0	19023360.0	-587711.0
19611072.0	19611247.0	19023395.0	19023570.0	-587677.0
19611249.0	19612970.0	19023571.0	19025292.0	-587678.0
19612972.0	19613092.0	19025293.0	19025413.0	-587679.0
19613096.0	19613497.0	19025414.0	19025815.0	-587682.0
19613499.0	19614367.0	19025816.0	19026684.0	-587683.0
19614372.0	19614963.0	19026685.0	19027276.0	-587687.0
19614964.0	19615013.0	19027280.0	19027329.0	-587684.0
19615014.0	19615165.0	19027331.0	19027482.0	-587683.0
19615174.0	19618484.0	19027483.0	19030793.0	-587691.0
19618485.0	19625330.0	19030798.0	19037643.0	-587687.0
19625333.0	19626387.0	19037644.0	19038698.0	-587689.0
19626388.0	19634153.0	19038700.0	19046465.0	-587688.0
19634154.0	19634318.0	19046467.0	19046631.0	-587687.0
19634319.0	19635975.0	19046633.0	19048289.0	-587686.0
19635976.0	19636234.0	19048291.0	19048549.0	-587685.0
19636235.0	19636867.0	19048551.0	19049183.0	-587684.0
19636868.0	19637967.0	19049185.0	19050284.0	-587683.0
19637968.0	19643250.0	19050286.0	19055568.0	-587682.0
19643252.0	19644967.0	19055569.0	19057284.0	-587683.0
19644969.0	19646955.0	19057285.0	19059271.0	-587684.0
19646956.0	19648362.0	19059297.0	19060703.0	-587659.0
19648364.0	19651935.0	19060704.0	19064275.0	-587660.0
19651937.0	19652709.0	19064276.0	19065048.0	-587661.0
19652710.0	19656070.0	19065053.0	19068413.0	-587657.0
19656071.0	19659336.0	19068415.0	19071680.0	-587656.0
19659338.0	19663036.0	19071681.0	19075379.0	-587657.0
19663037.0	19663432.0	19075381.0	19075776.0	-587656.0
19663433.0	19664458.0	19075778.0	19076803.0	-587655.0
19664462.0	19665530.0	19076804.0	19077872.0	-587658.0
19665531.0	19850839.0	19136867.0	19322175.0	-528664.0
19909834.0	19910902.0	19322176.0	19323244.0	-587658.0
19910903.0	19911928.0	19323248.0	19324273.0	-587655.0
19911930.0	19912325.0	19324274.0	19324669.0	-587656.0
19912327.0	19916025.0	19324670.0	19328368.0	-587657.0
19916026.0	19919291.0	19328370.0	19331635.0	-587656.0
19919293.0	19922653.0	19331636.0	19334996.0	-587657.0
19922658.0	19923430.0	19334997.0	19335769.0	-587661.0
19923431.0	19927002.0	19335771.0	19339342.0	-587660.0
19927003.0	19928409.0	19339344.0	19340750.0	-587659.0
19928435.0	19930421.0	19340751.0	19342737.0	-587684.0
19930422.0	19932137.0	19342739.0	19344454.0	-587683.0
19932138.0	19937420.0	19344456.0	19349738.0	-587682.0
19937422.0	19938521.0	19349739.0	19350838.0	-587683.0
19938523.0	19939155.0	19350839.0	19351471.0	-587684.0
19939157.0	19939415.0	19351472.0	19351730.0	-587685.0
19939417.0	19941073.0	19351731.0	19353387.0	-587686.0
19941075.0	19941239.0	19353388.0	19353552.0	-587687.0
19941241.0	19949006.0	19353553.0	19361318.0	-587688.0
19949008.0	19950062.0	19361319.0	19362373.0	-587689.0
19950063.0	19956908.0	19362376.0	19369221.0	-587687.0
19956913.0	19960223.0	19369222.0	19372532.0	-587691.0
19960224.0	19960375.0	19372541.0	19372692.0	-587683.0
19960377.0	19960426.0	19372693.0	19372742.0	-587684.0
19960430.0	19961021.0	19372743.0	19373334.0	-587687.0
19961022.0	19961890.0	19373339.0	19374207.0	-587683.0
19961891.0	19962292.0	19374209.0	19374610.0	-587682.0
19962293.0	19962413.0	19374614.0	19374734.0	-587679.0
19962414.0	19964135.0	19374736.0	19376457.0	-587678.0
19964136.0	19964311.0	19376459.0	19376634.0	-587677.0
19964346.0	19964380.0	19376635.0	19376669.0	-587711.0
19964393.0	19964416.0	19376670.0	19376693.0	-587723.0
19964425.0	19964472.0	19376694.0	19376741.0	-587731.0
19964477.0	19964485.0	19376742.0	19376750.0	-587735.0
19964490.0	19964845.0	19376751.0	19377106.0	-587739.0
19964846.0	19965071.0	19377108.0	19377333.0	-587738.0
19965073.0	19965180.0	19377334.0	19377441.0	-587739.0
19965182.0	19965389.0	19377442.0	19377649.0	-587740.0
19965390.0	19965772.0	19377651.0	19378033.0	-587739.0
19965773.0	19966383.0	19378035.0	19378645.0	-587738.0
19966384.0	19967930.0	19378664.0	19380210.0	-587720.0
19967931.0	19968031.0	19380219.0	19380319.0	-587712.0
19968032.0	19969408.0	19380332.0	19381708.0	-587700.0
19969409.0	19969433.0	19381710.0	19381734.0	-587699.0
19969434.0	19970058.0	19381738.0	19382362.0	-587696.0
19970061.0	19970906.0	19382363.0	19383208.0	-587698.0
19970914.0	19973228.0	19383209.0	19385523.0	-587705.0
19973229.0	19973530.0	19385525.0	19385826.0	-587704.0
19973531.0	19973755.0	19385829.0	19386053.0	-587702.0
19973760.0	19975670.0	19386054.0	19387964.0	-587706.0
19975673.0	19975732.0	19387965.0	19388024.0	-587708.0
19975736.0	19975880.0	19388025.0	19388169.0	-587711.0
19975882.0	19975890.0	19388170.0	19388178.0	-587712.0
19975891.0	19975905.0	19388182.0	19388196.0	-587709.0
19975906.0	19975967.0	19388198.0	19388259.0	-587708.0
19975968.0	19976405.0	19390034.0	19390471.0	-585934.0
19976406.0	19977654.0	19390493.0	19391741.0	-585913.0
19977655.0	19978176.0	19391743.0	19392264.0	-585912.0
19978198.0	19983435.0	19392265.0	19397502.0	-585933.0
19983436.0	19983450.0	19397507.0	19397521.0	-585929.0
19983451.0	19983501.0	19397523.0	19397573.0	-585928.0
19983503.0	19983573.0	19397574.0	19397644.0	-585929.0
19983575.0	19996551.0	19397645.0	19410621.0	-585930.0
19996553.0	20000681.0	19410622.0	19414750.0	-585931.0
20000682.0	20001352.0	19414752.0	19415422.0	-585930.0
20001371.0	20001719.0	19415423.0	19415771.0	-585948.0
20001720.0	20001774.0	19415775.0	19415829.0	-585945.0
20001775.0	20002179.0	19415836.0	19416240.0	-585939.0
20002180.0	20004939.0	19416243.0	19419002.0	-585937.0
20004941.0	20010424.0	19419003.0	19424486.0	-585938.0
20010429.0	20010769.0	19424487.0	19424827.0	-585942.0
20010770.0	20010911.0	19424829.0	19424970.0	-585941.0
20010913.0	20010915.0	19424971.0	19424973.0	-585942.0
20010916.0	20011478.0	19424975.0	19425537.0	-585941.0
20011483.0	20012586.0	19425538.0	19426641.0	-585945.0
20012599.0	20017191.0	19426642.0	19431234.0	-585957.0
20017193.0	20018347.0	19431235.0	19432389.0	-585958.0
20018348.0	20018867.0	19432408.0	19432927.0	-585940.0
20018869.0	20019235.0	19432928.0	19433294.0	-585941.0
20019236.0	20019238.0	19433297.0	19433299.0	-585939.0
20019239.0	20020583.0	19433308.0	19434652.0	-585931.0
20020584.0	20020584.0	19434657.0	19434657.0	-585927.0
20020588.0	20020589.0	19434658.0	19434659.0	-585930.0
20020593.0	20020628.0	19434660.0	19434695.0	-585933.0
20020630.0	20020962.0	19434696.0	19435028.0	-585934.0
20020963.0	20021571.0	19435041.0	19435649.0	-585922.0
20021572.0	20022134.0	19435652.0	19436214.0	-585920.0
20022136.0	20024003.0	19436215.0	19438082.0	-585921.0
20024004.0	20024284.0	19438084.0	19438364.0	-585920.0
20024285.0	20024993.0	19438377.0	19439085.0	-585908.0
20024994.0	20027416.0	19439088.0	19441510.0	-585906.0
20027418.0	20029141.0	19441511.0	19443234.0	-585907.0
20029142.0	20029194.0	19443237.0	19443289.0	-585905.0
20029195.0	20030631.0	19443443.0	19444879.0	-585752.0
20030633.0	20032439.0	19444880.0	19446686.0	-585753.0
20032440.0	20033535.0	19446688.0	19447783.0	-585752.0
20033536.0	20033538.0	19447788.0	19447790.0	-585748.0
20033542.0	20034121.0	19447791.0	19448370.0	-585751.0
20034123.0	20035585.0	19448371.0	19449833.0	-585752.0
20035587.0	20035863.0	19449834.0	19450110.0	-585753.0
20035864.0	20037211.0	19450112.0	19451459.0	-585752.0
20037213.0	20037324.0	19451460.0	19451571.0	-585753.0
20037329.0	20037389.0	19451572.0	19451632.0	-585757.0
20037392.0	20044586.0	19451633.0	19458827.0	-585759.0
20044587.0	20049351.0	19458829.0	19463593.0	-585758.0
20049353.0	20051882.0	19463594.0	19466123.0	-585759.0
20051883.0	20053067.0	19466125.0	19467309.0	-585758.0
20053069.0	20057357.0	19467310.0	19471598.0	-585759.0
20057359.0	20059078.0	19471599.0	19473318.0	-585760.0
20059080.0	20059547.0	19473319.0	19473786.0	-585761.0
20059550.0	20062544.0	19473787.0	19476781.0	-585763.0
20062545.0	20064819.0	19476786.0	19479060.0	-585759.0
20064821.0	20065860.0	19479061.0	19480100.0	-585760.0
20065861.0	20067161.0	19480102.0	19481402.0	-585759.0
20067165.0	20070096.0	19481403.0	19484334.0	-585762.0
20070097.0	20070427.0	19484344.0	19484674.0	-585753.0
20070428.0	20072130.0	19484676.0	19486378.0	-585752.0
20072132.0	20073184.0	19486379.0	19487431.0	-585753.0
20073186.0	20073828.0	19487432.0	19488074.0	-585754.0
20073829.0	20074519.0	19488076.0	19488766.0	-585753.0
20074521.0	20074678.0	19488767.0	19488924.0	-585754.0
20074679.0	20081406.0	19488926.0	19495653.0	-585753.0
20081407.0	20085581.0	19495656.0	19499830.0	-585751.0
20085869.0	20092506.0	19499831.0	19506468.0	-586038.0
20092509.0	20092752.0	19506469.0	19506712.0	-586040.0
20092753.0	20093471.0	19624466.0	19625184.0	-468287.0
20093474.0	20093671.0	19625185.0	19625382.0	-468289.0
20093673.0	20093675.0	19625383.0	19625385.0	-468290.0
20093676.0	20095973.0	19625398.0	19627695.0	-468278.0
20095974.0	20096099.0	19627698.0	19627823.0	-468276.0
20096101.0	20096842.0	19627824.0	19628565.0	-468277.0
20096843.0	20099238.0	19628567.0	19630962.0	-468276.0
20099246.0	20100569.0	19630963.0	19632286.0	-468283.0
20100574.0	20102220.0	19632287.0	19633933.0	-468287.0
20102221.0	20103898.0	19633946.0	19635623.0	-468275.0
20103899.0	20104072.0	19635660.0	19635833.0	-468239.0
20104073.0	20104909.0	19635841.0	19636677.0	-468232.0
20104916.0	20105495.0	19636678.0	19637257.0	-468238.0
20105496.0	20106426.0	19637259.0	19638189.0	-468237.0
20106427.0	20106702.0	19638191.0	19638466.0	-468236.0
20106703.0	20110212.0	19638469.0	19641978.0	-468234.0
20110213.0	20111143.0	19641993.0	19642923.0	-468220.0
20111144.0	20112147.0	19642926.0	19643929.0	-468218.0
20112148.0	20113015.0	19643934.0	19644801.0	-468214.0
20113016.0	20113431.0	19644803.0	19645218.0	-468213.0
20113435.0	20116891.0	19645219.0	19648675.0	-468216.0
20116892.0	20119504.0	19648677.0	19651289.0	-468215.0
20119506.0	20120606.0	19651290.0	19652390.0	-468216.0
20120607.0	20122481.0	19652445.0	19654319.0	-468162.0
20122482.0	21964193.0	19654323.0	21496034.0	-468159.0
21964194.0	21965671.0	21496036.0	21497513.0	-468158.0
21965672.0	21968512.0	21497528.0	21500368.0	-468144.0
21968513.0	21970174.0	21500371.0	21502032.0	-468142.0
21970175.0	21971142.0	21502034.0	21503001.0	-468141.0
21971145.0	21973269.0	21503002.0	21505126.0	-468143.0
21973270.0	21980201.0	21505128.0	21512059.0	-468142.0
21980210.0	21981223.0	21512060.0	21513073.0	-468150.0
21981225.0	21981481.0	21513074.0	21513330.0	-468151.0
21981482.0	21982235.0	21513332.0	21514085.0	-468150.0
21982238.0	21982528.0	21514086.0	21514376.0	-468152.0
21982532.0	21983727.0	21514377.0	21515572.0	-468155.0
21983728.0	21984696.0	21515575.0	21516543.0	-468153.0
21984697.0	21989476.0	21516546.0	21521325.0	-468151.0
21989477.0	21989707.0	21521341.0	21521571.0	-468136.0
21989708.0	22008327.0	21521574.0	21540193.0	-468134.0
22008334.0	22008773.0	21540194.0	21540633.0	-468140.0
22008774.0	22009081.0	21540635.0	21540942.0	-468139.0
22009085.0	22009718.0	21540943.0	21541576.0	-468142.0
22009723.0	22012708.0	21541577.0	21544562.0	-468146.0
22012710.0	22017404.0	21544563.0	21549257.0	-468147.0
22017406.0	22017412.0	21549258.0	21549264.0	-468148.0
22017413.0	22017414.0	21549267.0	21549268.0	-468146.0
22017416.0	22017419.0	21549269.0	21549272.0	-468147.0
22017421.0	22020234.0	21549273.0	21552086.0	-468148.0
22020235.0	22020874.0	21552088.0	21552727.0	-468147.0
22020875.0	22039813.0	21552744.0	21571682.0	-468131.0
22039815.0	22040417.0	21571683.0	21572285.0	-468132.0
22040427.0	22040749.0	21572286.0	21572608.0	-468141.0
22040750.0	22042440.0	21572612.0	21574302.0	-468138.0
22042441.0	22045991.0	21574306.0	21577856.0	-468135.0
22045993.0	22045994.0	21577857.0	21577858.0	-468136.0
22045995.0	22047371.0	21577860.0	21579236.0	-468135.0
22047372.0	22049397.0	21579238.0	21581263.0	-468134.0
22049399.0	22049937.0	21581264.0	21581802.0	-468135.0
22049938.0	22050734.0	21581804.0	21582600.0	-468134.0
22050735.0	22052557.0	21582602.0	21584424.0	-468133.0
22052558.0	22053080.0	21584428.0	21584950.0	-468130.0
22053081.0	22056116.0	21584957.0	21587992.0	-468124.0
22056117.0	22059662.0	21587998.0	21591543.0	-468119.0
22059664.0	22062224.0	21591544.0	21594104.0	-468120.0
22062226.0	22062837.0	21594105.0	21594716.0	-468121.0
22062842.0	22066902.0	21594717.0	21598777.0	-468125.0
22066904.0	22067350.0	21598778.0	21599224.0	-468126.0
22067365.0	22068123.0	21599225.0	21599983.0	-468140.0
22068134.0	22068229.0	21599984.0	21600079.0	-468150.0
22068230.0	22069592.0	21600081.0	21601443.0	-468149.0
22069594.0	22070595.0	21601444.0	21602445.0	-468150.0
22070597.0	22073947.0	21602446.0	21605796.0	-468151.0
22073952.0	22074210.0	21605797.0	21606055.0	-468155.0
22074212.0	22074385.0	21606056.0	21606229.0	-468156.0
22074386.0	22074787.0	21606232.0	21606633.0	-468154.0
22074788.0	22077153.0	21606637.0	21609002.0	-468151.0
22077155.0	22077434.0	21609003.0	21609282.0	-468152.0
22077435.0	22078091.0	21609288.0	21609944.0	-468147.0
22078102.0	22079439.0	21609945.0	21611282.0	-468157.0
22079440.0	22079920.0	21611285.0	21611765.0	-468155.0
22079921.0	22084036.0	21611767.0	21615882.0	-468154.0
22084038.0	22084940.0	21615883.0	21616785.0	-468155.0
22084941.0	22089389.0	21616787.0	21621235.0	-468154.0
22089390.0	22100160.0	21621237.0	21632007.0	-468153.0
22100165.0	22100566.0	21632008.0	21632409.0	-468157.0
22100569.0	22100734.0	21632410.0	21632575.0	-468159.0
22100735.0	22104450.0	21632579.0	21636294.0	-468156.0
22104455.0	22105021.0	21636295.0	21636861.0	-468160.0
22105022.0	22105407.0	21636863.0	21637248.0	-468159.0
22105480.0	22105798.0	21637249.0	21637567.0	-468231.0
22105799.0	22106657.0	21637569.0	21638427.0	-468230.0
22106658.0	22109286.0	21638431.0	21641059.0	-468227.0
22109289.0	22109479.0	21641060.0	21641250.0	-468229.0
22109480.0	22109937.0	21641253.0	21641710.0	-468227.0
22109939.0	22110429.0	21641711.0	21642201.0	-468228.0
22110430.0	22110550.0	21642206.0	21642326.0	-468224.0
22110551.0	22113556.0	21642331.0	21645336.0	-468220.0
22113557.0	22114163.0	21645345.0	21645951.0	-468212.0
22114165.0	22115011.0	21645952.0	21646798.0	-468213.0
22115012.0	22115834.0	21646800.0	21647622.0	-468212.0
22115839.0	22124318.0	21647623.0	21656102.0	-468216.0
22124319.0	22124389.0	21656104.0	21656174.0	-468215.0
22124391.0	22125656.0	21656175.0	21657440.0	-468216.0
22125657.0	22125729.0	21657445.0	21657517.0	-468212.0
22125730.0	22125784.0	21657522.0	21657576.0	-468208.0
22125790.0	22128844.0	21657577.0	21660631.0	-468213.0
22128845.0	22130354.0	21660633.0	21662142.0	-468212.0
22130356.0	22131693.0	21662143.0	21663480.0	-468213.0
22131695.0	22136698.0	21663481.0	21668484.0	-468214.0
22136699.0	22138561.0	21668486.0	21670348.0	-468213.0
22138564.0	22140822.0	21670349.0	21672607.0	-468215.0
22140824.0	22141815.0	21672608.0	21673599.0	-468216.0
22141816.0	22144044.0	21673601.0	21675829.0	-468215.0
22144047.0	22144891.0	21675830.0	21676674.0	-468217.0
22144894.0	22145514.0	21676675.0	21677295.0	-468219.0
22145515.0	22150676.0	21677298.0	21682459.0	-468217.0
22150679.0	22152205.0	21682460.0	21683986.0	-468219.0
22152206.0	22161253.0	21683989.0	21693036.0	-468217.0
22161254.0	22161608.0	21693039.0	21693393.0	-468215.0
22161617.0	22161995.0	21693394.0	21693772.0	-468223.0
22161996.0	22164256.0	21693774.0	21696034.0	-468222.0
22164259.0	22166803.0	21696035.0	21698579.0	-468224.0
22166804.0	22170447.0	21698582.0	21702225.0	-468222.0
22170450.0	22170474.0	21702226.0	21702250.0	-468224.0
22170475.0	22170545.0	21702252.0	21702322.0	-468223.0
22170546.0	22170583.0	21702324.0	21702361.0	-468222.0
22170585.0	22183603.0	21702362.0	21715380.0	-468223.0
22183605.0	22184665.0	21715381.0	21716441.0	-468224.0
22184666.0	22185932.0	21716443.0	21717709.0	-468223.0
22185933.0	22187025.0	21717711.0	21718803.0	-468222.0
22187026.0	22187079.0	21718805.0	21718858.0	-468221.0
22187080.0	22187499.0	21718860.0	21719279.0	-468220.0
22187524.0	22188090.0	21719280.0	21719846.0	-468244.0
22188091.0	22189412.0	21719850.0	21721171.0	-468241.0
22189419.0	22192899.0	21721172.0	21724652.0	-468247.0
22192927.0	22193552.0	21724653.0	21725278.0	-468274.0
22193554.0	22195687.0	21725279.0	21727412.0	-468275.0
22195688.0	22199447.0	21727414.0	21731173.0	-468274.0
22199455.0	22199486.0	21731174.0	21731205.0	-468281.0
22199487.0	22200821.0	21731208.0	21732542.0	-468279.0
22200822.0	22201205.0	21732544.0	21732927.0	-468278.0
22201210.0	22201852.0	21732928.0	21733570.0	-468282.0
22201853.0	22203147.0	21733572.0	21734866.0	-468281.0
22203149.0	22211521.0	21734867.0	21743239.0	-468282.0
22211522.0	22211545.0	21743241.0	21743264.0	-468281.0
22211548.0	22214735.0	21743265.0	21746452.0	-468283.0
22214737.0	22220696.0	21746453.0	21752412.0	-468284.0
22220697.0	22223067.0	21752414.0	21754784.0	-468283.0
22223069.0	22224208.0	21754785.0	21755924.0	-468284.0
22224212.0	22226526.0	21755925.0	21758239.0	-468287.0
22226527.0	22227230.0	21758241.0	21758944.0	-468286.0
22227231.0	22228189.0	21758946.0	21759904.0	-468285.0
22228190.0	22230209.0	21759906.0	21761925.0	-468284.0
22230212.0	22233112.0	21761926.0	21764826.0	-468286.0
22233113.0	22234578.0	21764875.0	21766340.0	-468238.0
22234579.0	22234596.0	21766342.0	21766359.0	-468237.0
22234599.0	22235046.0	21766360.0	21766807.0	-468239.0
22235048.0	22239076.0	21766808.0	21770836.0	-468240.0
22239077.0	22243888.0	21770874.0	21775685.0	-468203.0
22243890.0	22245659.0	21775686.0	21777455.0	-468204.0
22245673.0	22246043.0	21777456.0	21777826.0	-468217.0
22246046.0	22248378.0	21777827.0	21780159.0	-468219.0
22248379.0	22253731.0	21780162.0	21785514.0	-468217.0
22253733.0	22253940.0	21785515.0	21785722.0	-468218.0
22253941.0	22255366.0	21785725.0	21787150.0	-468216.0
22255367.0	22259200.0	21787172.0	21791005.0	-468195.0
22259201.0	22263464.0	21791030.0	21795293.0	-468171.0
22263466.0	22284117.0	21795294.0	21815945.0	-468172.0
22284118.0	22284703.0	21815947.0	21816532.0	-468171.0
22284704.0	22285104.0	21816534.0	21816934.0	-468170.0
22285105.0	22286390.0	21816936.0	21818221.0	-468169.0
22286391.0	22288163.0	21818225.0	21819997.0	-468166.0
22288164.0	22288543.0	21820000.0	21820379.0	-468164.0
22288545.0	22293554.0	21820380.0	21825389.0	-468165.0
22293555.0	22294651.0	21825391.0	21826487.0	-468164.0
22294652.0	22296138.0	21826500.0	21827986.0	-468152.0
22296140.0	22298312.0	21827987.0	21830159.0	-468153.0
22298314.0	22298710.0	21830160.0	21830556.0	-468154.0
22298713.0	22301436.0	21830557.0	21833280.0	-468156.0
22301438.0	22306858.0	21833281.0	21838701.0	-468157.0
22306862.0	22307474.0	21838702.0	21839314.0	-468160.0
22307476.0	22308184.0	21839315.0	21840023.0	-468161.0
22308185.0	22309148.0	21840025.0	21840988.0	-468160.0
22309171.0	22316737.0	21840989.0	21848555.0	-468182.0
22316739.0	22317069.0	21848556.0	21848886.0	-468183.0
22317070.0	22317233.0	21848896.0	21849059.0	-468174.0
22317234.0	22318845.0	21849061.0	21850672.0	-468173.0
22318850.0	22330109.0	21850673.0	21861932.0	-468177.0
22330110.0	22334037.0	21861935.0	21865862.0	-468175.0
22334044.0	22338048.0	21865863.0	21869867.0	-468181.0
22338050.0	22355934.0	21869868.0	21887752.0	-468182.0
22355935.0	22376289.0	21887755.0	21908109.0	-468180.0
22376291.0	22378955.0	21908110.0	21910774.0	-468181.0
22378956.0	22379152.0	21910782.0	21910978.0	-468174.0
22379154.0	22379431.0	21910979.0	21911256.0	-468175.0
22379432.0	22383553.0	21911258.0	21915379.0	-468174.0
22383555.0	22390005.0	21915380.0	21921830.0	-468175.0
22390007.0	22395614.0	21921831.0	21927438.0	-468176.0
22395615.0	22397584.0	21927440.0	21929409.0	-468175.0
22397585.0	22406977.0	21929411.0	21938803.0	-468174.0
22406989.0	22409517.0	21938804.0	21941332.0	-468185.0
22409524.0	22411500.0	21941333.0	21943309.0	-468191.0
22411506.0	22412302.0	21943310.0	21944106.0	-468196.0
22412303.0	22412975.0	21944108.0	21944780.0	-468195.0
22412978.0	22413461.0	21944781.0	21945264.0	-468197.0
22413463.0	22415380.0	21945265.0	21947182.0	-468198.0
22415390.0	22418397.0	21947183.0	21950190.0	-468207.0
22418414.0	22423536.0	21950191.0	21955313.0	-468223.0
22423538.0	22425684.0	21955314.0	21957460.0	-468224.0
22425689.0	22433298.0	21957461.0	21965070.0	-468228.0
22433300.0	22442140.0	21965071.0	21973911.0	-468229.0
22442141.0	22443335.0	21973913.0	21975107.0	-468228.0
22443337.0	22443412.0	21975108.0	21975183.0	-468229.0
22443413.0	22443596.0	21975185.0	21975368.0	-468228.0
22443609.0	22448319.0	21975369.0	21980079.0	-468240.0
22448321.0	22455643.0	21980080.0	21987402.0	-468241.0
22455644.0	22457983.0	21987404.0	21989743.0	-468240.0
22457984.0	22460794.0	21989745.0	21992555.0	-468239.0
22460796.0	22463298.0	21992556.0	21995058.0	-468240.0
22463299.0	22470693.0	21995060.0	22002454.0	-468239.0
22470694.0	22470913.0	22002456.0	22002675.0	-468238.0
22470915.0	22483303.0	22002676.0	22015064.0	-468239.0
22483305.0	22496783.0	22015065.0	22028543.0	-468240.0
22496784.0	22500994.0	22028545.0	22032755.0	-468239.0
22500996.0	22502743.0	22032756.0	22034503.0	-468240.0
22502744.0	22502761.0	22034514.0	22034531.0	-468230.0
22502770.0	22504306.0	22034532.0	22036068.0	-468238.0
22504311.0	22508041.0	22036069.0	22039799.0	-468242.0
22508046.0	22512019.0	22039800.0	22043773.0	-468246.0
22512021.0	22512414.0	22043774.0	22044167.0	-468247.0
22512415.0	22513241.0	22044169.0	22044995.0	-468246.0
22513243.0	22513253.0	22044996.0	22045006.0	-468247.0
22513255.0	22514945.0	22045007.0	22046697.0	-468248.0
22514946.0	22520556.0	22046699.0	22052309.0	-468247.0
22520566.0	22520587.0	22052310.0	22052331.0	-468256.0
22520591.0	22522980.0	22052332.0	22054721.0	-468259.0
22522982.0	22523840.0	22054722.0	22055580.0	-468260.0
22523842.0	22526183.0	22055581.0	22057922.0	-468261.0
22526185.0	22528641.0	22057923.0	22060379.0	-468262.0
22528643.0	22531658.0	22060380.0	22063395.0	-468263.0
22531660.0	22538157.0	22063396.0	22069893.0	-468264.0
22538158.0	22540475.0	22069895.0	22072212.0	-468263.0
22540477.0	22540534.0	22072213.0	22072270.0	-468264.0
22540537.0	22540765.0	22072271.0	22072499.0	-468266.0
22540767.0	22541853.0	22072500.0	22073586.0	-468267.0
22541854.0	22542719.0	22073588.0	22074453.0	-468266.0
22542720.0	22543679.0	22074455.0	22075414.0	-468265.0
22543684.0	22543761.0	22075415.0	22075492.0	-468269.0
22543762.0	22548206.0	22075501.0	22079945.0	-468261.0
22548208.0	22551096.0	22079946.0	22082834.0	-468262.0
22551112.0	22551564.0	22082835.0	22083287.0	-468277.0
22551565.0	22553695.0	22083289.0	22085419.0	-468276.0
22553697.0	22556670.0	22085420.0	22088393.0	-468277.0
22556671.0	22558433.0	22088395.0	22090157.0	-468276.0
22558435.0	22578806.0	22090158.0	22110529.0	-468277.0
22578807.0	22579116.0	22110851.0	22111160.0	-467956.0
22579117.0	22579551.0	22111163.0	22111597.0	-467954.0
22579552.0	22587908.0	22111599.0	22119955.0	-467953.0
22587913.0	22589741.0	22119956.0	22121784.0	-467957.0
22589743.0	22594787.0	22121785.0	22126829.0	-467958.0
22594789.0	22595643.0	22126830.0	22127684.0	-467959.0
22595644.0	22597120.0	22127687.0	22129163.0	-467957.0
22597126.0	22597632.0	22129164.0	22129670.0	-467962.0
22597633.0	22597793.0	22129672.0	22129832.0	-467961.0
22597797.0	22598672.0	22129833.0	22130708.0	-467964.0
22598673.0	22598763.0	22130710.0	22130800.0	-467963.0
22598764.0	22601294.0	22130802.0	22133332.0	-467962.0
22601296.0	22601443.0	22133333.0	22133480.0	-467963.0
22601446.0	22603246.0	22133481.0	22135281.0	-467965.0
22603247.0	22604431.0	22135289.0	22136473.0	-467958.0
22604433.0	22607055.0	22136474.0	22139096.0	-467959.0
22607057.0	22607730.0	22139097.0	22139770.0	-467960.0
22607734.0	22610464.0	22139771.0	22142501.0	-467963.0
22610465.0	22610590.0	22142503.0	22142628.0	-467962.0
22610591.0	22612230.0	22142630.0	22144269.0	-467961.0
22612231.0	22617667.0	22144277.0	22149713.0	-467954.0
22617668.0	22618646.0	22149715.0	22150693.0	-467953.0
22618648.0	22619565.0	22150694.0	22151611.0	-467954.0
22619567.0	22620099.0	22151612.0	22152144.0	-467955.0
22620101.0	22622347.0	22152145.0	22154391.0	-467956.0
22622348.0	22627762.0	22154415.0	22159829.0	-467933.0
22627764.0	22628601.0	22159830.0	22160667.0	-467934.0
22628606.0	22629444.0	22160668.0	22161506.0	-467938.0
22629445.0	22629602.0	22161511.0	22161668.0	-467934.0
22629603.0	22629682.0	22161670.0	22161749.0	-467933.0
22629683.0	22629748.0	22161785.0	22161850.0	-467898.0
22629749.0	22637333.0	22161853.0	22169437.0	-467896.0
22637335.0	22652285.0	22169438.0	22184388.0	-467897.0
22652286.0	22656283.0	22184390.0	22188387.0	-467896.0
22656284.0	22656988.0	22188389.0	22189093.0	-467895.0
22656989.0	22673178.0	22189095.0	22205284.0	-467894.0
22673181.0	22680535.0	22205285.0	22212639.0	-467896.0
22680544.0	22680718.0	22212640.0	22212814.0	-467904.0
22680721.0	22682873.0	22212815.0	22214967.0	-467906.0
22682874.0	22683523.0	22214969.0	22215618.0	-467905.0
22683525.0	22683597.0	22215619.0	22215691.0	-467906.0
22683599.0	22683863.0	22215692.0	22215956.0	-467907.0
22683865.0	22683956.0	22215957.0	22216048.0	-467908.0
22683957.0	22687564.0	22216050.0	22219657.0	-467907.0
22687565.0	22689740.0	22219666.0	22221841.0	-467899.0
22689741.0	22690595.0	22221845.0	22222699.0	-467896.0
22690597.0	22693354.0	22222700.0	22225457.0	-467897.0
22693355.0	22693375.0	22225459.0	22225479.0	-467896.0
22693376.0	22697302.0	22225481.0	22229407.0	-467895.0
22697303.0	22698069.0	22229409.0	22230175.0	-467894.0
22698070.0	22698160.0	22230183.0	22230273.0	-467887.0
22698161.0	22702261.0	22230278.0	22234378.0	-467883.0
22702262.0	22703846.0	22234380.0	22235964.0	-467882.0
22703847.0	22708079.0	22235966.0	22240198.0	-467881.0
22708082.0	22712510.0	22240199.0	22244627.0	-467883.0
22712512.0	22731209.0	22244628.0	22263325.0	-467884.0
22731210.0	22757695.0	22263327.0	22289812.0	-467883.0
22757697.0	22760465.0	22289813.0	22292581.0	-467884.0
22760467.0	22764028.0	22292582.0	22296143.0	-467885.0
22764037.0	22767777.0	22296144.0	22299884.0	-467893.0
22767778.0	22769919.0	22299887.0	22302028.0	-467891.0
22769920.0	22771761.0	22302030.0	22303871.0	-467890.0
22771762.0	22773090.0	22303877.0	22305205.0	-467885.0
22773092.0	22774835.0	22305206.0	22306949.0	-467886.0
22775369.0	22781760.0	22306950.0	22313341.0	-468419.0
22781775.0	22782038.0	22313342.0	22313605.0	-468433.0
22782039.0	22793800.0	22313607.0	22325368.0	-468432.0
22793801.0	22804192.0	22325371.0	22335762.0	-468430.0
22804193.0	22805041.0	22335764.0	22336612.0	-468429.0
22805043.0	22805688.0	22336613.0	22337258.0	-468430.0
22805689.0	22807796.0	22337263.0	22339370.0	-468426.0
22807797.0	22809964.0	22339372.0	22341539.0	-468425.0
22809965.0	22815233.0	22341541.0	22346809.0	-468424.0
22815234.0	22824195.0	22346811.0	22355772.0	-468423.0
22824198.0	22827461.0	22355773.0	22359036.0	-468425.0
22827463.0	22828524.0	22359037.0	22360098.0	-468426.0
22828526.0	22833857.0	22360099.0	22365430.0	-468427.0
22833858.0	22835300.0	22365432.0	22366874.0	-468426.0
22835329.0	22835363.0	22366875.0	22366909.0	-468454.0
22835368.0	22835572.0	22366910.0	22367114.0	-468458.0
22835573.0	22836328.0	22367117.0	22367872.0	-468456.0
22836329.0	22844755.0	22367924.0	22376350.0	-468405.0
22844756.0	22844793.0	22376352.0	22376389.0	-468404.0
22844794.0	22844870.0	22376391.0	22376467.0	-468403.0
22844871.0	22844898.0	22376469.0	22376496.0	-468402.0
22844900.0	22858048.0	22376497.0	22389645.0	-468403.0
22858050.0	22860339.0	22389646.0	22391935.0	-468404.0
22860340.0	22868584.0	22391937.0	22400181.0	-468403.0
22868585.0	22868588.0	22400183.0	22400186.0	-468402.0
22868589.0	22872188.0	22400188.0	22403787.0	-468401.0
22872200.0	22872666.0	22403788.0	22404254.0	-468412.0
22872667.0	22874954.0	22404256.0	22406543.0	-468411.0
22874955.0	22878044.0	22406545.0	22409634.0	-468410.0
22878045.0	22881667.0	22409643.0	22413265.0	-468402.0
22882261.0	22884535.0	22413266.0	22415540.0	-468995.0
22884536.0	22884658.0	22415542.0	22415664.0	-468994.0
22884671.0	22884836.0	22415665.0	22415830.0	-469006.0
22884837.0	22888979.0	22415847.0	22419989.0	-468990.0
22888981.0	22896221.0	22419990.0	22427230.0	-468991.0
22896223.0	22897432.0	22427231.0	22428440.0	-468992.0
22897434.0	22900154.0	22428441.0	22431161.0	-468993.0
22900155.0	22940210.0	22431163.0	22471218.0	-468992.0
22940211.0	22946411.0	22471221.0	22477421.0	-468990.0
22946412.0	22954205.0	22477423.0	22485216.0	-468989.0
22954206.0	22960668.0	22485218.0	22491680.0	-468988.0
22960669.0	22962122.0	22491682.0	22493135.0	-468987.0
22962123.0	22963632.0	22493137.0	22494646.0	-468986.0
22963633.0	22964643.0	22494648.0	22495658.0	-468985.0
22964644.0	22964840.0	22495660.0	22495856.0	-468984.0
22964841.0	22965118.0	22495858.0	22496135.0	-468983.0
22965120.0	22965144.0	22496136.0	22496160.0	-468984.0
22965146.0	22967337.0	22496161.0	22498352.0	-468985.0
22967338.0	22967508.0	22498354.0	22498524.0	-468984.0
22967509.0	22967511.0	22498526.0	22498528.0	-468983.0
22967513.0	22967516.0	22498529.0	22498532.0	-468984.0
22967517.0	22970137.0	22498534.0	22501154.0	-468983.0
22970139.0	22971705.0	22501155.0	22502721.0	-468984.0
22971706.0	22971892.0	22502723.0	22502909.0	-468983.0
22971894.0	22972197.0	22502910.0	22503213.0	-468984.0
22972199.0	22972783.0	22503214.0	22503798.0	-468985.0
22972785.0	22974150.0	22503799.0	22505164.0	-468986.0
22974152.0	22974862.0	22505165.0	22505875.0	-468987.0
22974863.0	22975043.0	22505877.0	22506057.0	-468986.0
22975045.0	22975097.0	22506058.0	22506110.0	-468987.0
22975098.0	22975344.0	22506112.0	22506358.0	-468986.0
22975345.0	22977872.0	22506360.0	22508887.0	-468985.0
22977873.0	22977933.0	22508889.0	22508949.0	-468984.0
22977935.0	22978055.0	22508950.0	22509070.0	-468985.0
22978056.0	22978451.0	22509072.0	22509467.0	-468984.0
22978452.0	22979437.0	22509469.0	22510454.0	-468983.0
22979439.0	22979847.0	22510455.0	22510863.0	-468984.0
22979848.0	22980208.0	22510865.0	22511225.0	-468983.0
22980209.0	22982069.0	22511227.0	22513087.0	-468982.0
22982070.0	22982737.0	22513089.0	22513756.0	-468981.0
22982739.0	22984431.0	22513757.0	22515449.0	-468982.0
22984432.0	22984500.0	22515451.0	22515519.0	-468981.0
22984501.0	22985487.0	22515523.0	22516509.0	-468978.0
22985488.0	22985825.0	22516511.0	22516848.0	-468977.0
22985827.0	22989652.0	22516849.0	22520674.0	-468978.0
22989653.0	22990930.0	22520676.0	22521953.0	-468977.0
22990931.0	22991903.0	22521955.0	22522927.0	-468976.0
22991904.0	22992298.0	22522930.0	22523324.0	-468974.0
22992299.0	22993119.0	22523326.0	22524146.0	-468973.0
22993120.0	22993278.0	22524148.0	22524306.0	-468972.0
22993279.0	22993782.0	22524308.0	22524811.0	-468971.0
22993783.0	22994810.0	22524813.0	22525840.0	-468970.0
22994811.0	22995508.0	22525842.0	22526539.0	-468969.0
22995509.0	22996270.0	22526541.0	22527302.0	-468968.0
22996272.0	22996273.0	22527303.0	22527304.0	-468969.0
22996275.0	22996689.0	22527305.0	22527719.0	-468970.0
22996691.0	22996769.0	22527720.0	22527798.0	-468971.0
22996770.0	22996812.0	22527803.0	22527845.0	-468967.0
22996813.0	22996853.0	22527847.0	22527887.0	-468966.0
22996855.0	22996856.0	22527888.0	22527889.0	-468967.0
22996857.0	22996920.0	22527892.0	22527955.0	-468965.0
22996921.0	22997052.0	22527958.0	22528089.0	-468963.0
22997053.0	22997667.0	22528093.0	22528707.0	-468960.0
22997668.0	22997919.0	22528710.0	22528961.0	-468958.0
22997920.0	22997942.0	22528969.0	22528991.0	-468951.0
22997944.0	22998183.0	22528992.0	22529231.0	-468952.0
22998184.0	22998590.0	22529233.0	22529639.0	-468951.0
22998592.0	22998619.0	22529640.0	22529667.0	-468952.0
22998621.0	22999179.0	22529668.0	22530226.0	-468953.0
22999180.0	22999202.0	22530228.0	22530250.0	-468952.0
22999203.0	22999797.0	22530252.0	22530846.0	-468951.0
22999798.0	22999799.0	22530848.0	22530849.0	-468950.0
22999801.0	22999823.0	22530850.0	22530872.0	-468951.0
22999824.0	23001764.0	22530874.0	22532814.0	-468950.0
23001766.0	23001789.0	22532815.0	22532838.0	-468951.0
23001790.0	23001797.0	22532840.0	22532847.0	-468950.0
23001798.0	23001807.0	22532849.0	22532858.0	-468949.0
23001808.0	23001922.0	22532860.0	22532974.0	-468948.0
23001923.0	23002265.0	22532976.0	22533318.0	-468947.0
23002267.0	23004747.0	22533319.0	22535799.0	-468948.0
23004749.0	23004772.0	22535800.0	22535823.0	-468949.0
23004773.0	23005041.0	22535825.0	22536093.0	-468948.0
23005042.0	23006115.0	22536095.0	22537168.0	-468947.0
23006116.0	23006663.0	22537171.0	22537718.0	-468945.0
23006664.0	23007068.0	22537720.0	22538124.0	-468944.0
23007069.0	23012873.0	22538126.0	22543930.0	-468943.0
23012875.0	23015392.0	22543931.0	22546448.0	-468944.0
23015393.0	23015436.0	22546450.0	22546493.0	-468943.0
23015437.0	23016202.0	22546495.0	22547260.0	-468942.0
23016203.0	23017588.0	22547262.0	22548647.0	-468941.0
23017593.0	23017684.0	22548648.0	22548739.0	-468945.0
23017686.0	23018264.0	22548740.0	22549318.0	-468946.0
23018265.0	23018290.0	22549320.0	22549345.0	-468945.0
23018291.0	23018335.0	22549347.0	22549391.0	-468944.0
23018337.0	23018401.0	22549392.0	22549456.0	-468945.0
23018402.0	23020077.0	22549458.0	22551133.0	-468944.0
23020079.0	23020688.0	22551134.0	22551743.0	-468945.0
23020689.0	23020820.0	22551745.0	22551876.0	-468944.0
23020821.0	23022215.0	22551878.0	22553272.0	-468943.0
23022216.0	23023194.0	22553277.0	22554255.0	-468939.0
23023195.0	23023211.0	22554257.0	22554273.0	-468938.0
23023212.0	23023220.0	22554275.0	22554283.0	-468937.0
23023221.0	23023231.0	22554285.0	22554295.0	-468936.0
23023232.0	23023268.0	22554297.0	22554333.0	-468935.0
23023269.0	23023274.0	22554335.0	22554340.0	-468934.0
23023275.0	23023346.0	22554362.0	22554433.0	-468913.0
23023347.0	23023357.0	22554435.0	22554445.0	-468912.0
23023358.0	23023374.0	22554457.0	22554473.0	-468901.0
23023375.0	23023383.0	22554475.0	22554483.0	-468900.0
23023384.0	23023762.0	22554485.0	22554863.0	-468899.0
23023763.0	23023858.0	22554865.0	22554960.0	-468898.0
23023859.0	23024020.0	22554962.0	22555123.0	-468897.0
23024021.0	23024022.0	22555132.0	22555133.0	-468889.0
23024029.0	23024073.0	22555134.0	22555178.0	-468895.0
23024074.0	23026206.0	22555180.0	22557312.0	-468894.0
23026207.0	23026369.0	22557314.0	22557476.0	-468893.0
23026370.0	23026784.0	22557478.0	22557892.0	-468892.0
23026795.0	23028709.0	22557893.0	22559807.0	-468902.0
23028710.0	23028977.0	22559809.0	22560076.0	-468901.0
23028978.0	23035238.0	22560078.0	22566338.0	-468900.0
23035240.0	23037596.0	22566339.0	22568695.0	-468901.0
23037597.0	23038170.0	22568697.0	22569270.0	-468900.0
23038171.0	23038330.0	22569273.0	22569432.0	-468898.0
23038331.0	23039905.0	22569434.0	22571008.0	-468897.0
23039907.0	23040211.0	22571009.0	22571313.0	-468898.0
23040213.0	23040524.0	22571314.0	22571625.0	-468899.0
23040526.0	23048740.0	22571626.0	22579840.0	-468900.0
23048743.0	23050493.0	22579841.0	22581591.0	-468902.0
23050495.0	23050646.0	22581592.0	22581743.0	-468903.0
23050648.0	23051909.0	22581744.0	22583005.0	-468904.0
23051911.0	23055104.0	22583006.0	22586199.0	-468905.0
23055106.0	23059097.0	22586200.0	22590191.0	-468906.0
23059100.0	23059580.0	22590192.0	22590672.0	-468908.0
23059581.0	23065003.0	22590674.0	22596096.0	-468907.0
23065005.0	23065654.0	22596097.0	22596746.0	-468908.0
23065656.0	23069738.0	22596747.0	22600829.0	-468909.0
23069739.0	23073469.0	22600834.0	22604564.0	-468905.0
23073471.0	23083434.0	22604565.0	22614528.0	-468906.0
23083435.0	23083664.0	22614531.0	22614760.0	-468904.0
23083665.0	23096278.0	22614762.0	22627375.0	-468903.0
23096281.0	23105169.0	22627376.0	22636264.0	-468905.0
23105177.0	23105185.0	22636265.0	22636273.0	-468912.0
23106068.0	23106083.0	22636818.0	22636833.0	-469250.0
23106084.0	23106118.0	22636837.0	22636871.0	-469247.0
23106123.0	23106125.0	22636872.0	22636874.0	-469251.0
23106126.0	23106130.0	22636877.0	22636881.0	-469249.0
23106135.0	23106145.0	22636882.0	22636892.0	-469253.0
23106151.0	23106158.0	22636893.0	22636900.0	-469258.0
23106159.0	23106166.0	22636902.0	22636909.0	-469257.0
23106171.0	23106210.0	22636910.0	22636949.0	-469261.0
23106211.0	23106214.0	22636952.0	22636955.0	-469259.0
23106215.0	23106244.0	22636957.0	22636986.0	-469258.0
23106246.0	23106263.0	22636987.0	22637004.0	-469259.0
23106264.0	23106269.0	22637006.0	22637011.0	-469258.0
23106286.0	23106290.0	22637012.0	22637016.0	-469274.0
23106318.0	23106327.0	22637017.0	22637026.0	-469301.0
23106332.0	23106335.0	22637027.0	22637030.0	-469305.0
23106336.0	23106400.0	22637032.0	22637096.0	-469304.0
23106402.0	23106405.0	22637097.0	22637100.0	-469305.0
23106407.0	23106424.0	22637101.0	22637118.0	-469306.0
23106425.0	23106428.0	22637120.0	22637123.0	-469305.0
23106439.0	23106441.0	22637124.0	22637126.0	-469315.0
23106442.0	23106455.0	22637128.0	22637141.0	-469314.0
23106460.0	23106473.0	22637142.0	22637155.0	-469318.0
23106478.0	23106483.0	22637156.0	22637161.0	-469322.0
23106488.0	23106502.0	22637162.0	22637176.0	-469326.0
23106504.0	23106522.0	22637177.0	22637195.0	-469327.0
23106523.0	23106526.0	22637197.0	22637200.0	-469326.0
23106535.0	23106540.0	22637201.0	22637206.0	-469334.0
23106541.0	23106549.0	22637208.0	22637216.0	-469333.0
23106551.0	23106569.0	22637217.0	22637235.0	-469334.0
23106570.0	23106573.0	22637237.0	22637240.0	-469333.0
23106584.0	23106586.0	22637241.0	22637243.0	-469343.0
23106587.0	23106598.0	22637245.0	22637256.0	-469342.0
23106600.0	23106630.0	22637257.0	22637287.0	-469343.0
23106631.0	23106667.0	22637289.0	22637325.0	-469342.0
23106668.0	23106676.0	22637359.0	22637367.0	-469309.0
23106683.0	23106690.0	22637368.0	22637375.0	-469315.0
23106691.0	23106845.0	22637377.0	22637531.0	-469314.0
23106846.0	23107137.0	22637581.0	22637872.0	-469265.0
23107141.0	23107186.0	22637873.0	22637918.0	-469268.0
23107188.0	23107943.0	22637919.0	22638674.0	-469269.0
23107944.0	23109262.0	22638676.0	22639994.0	-469268.0
23109263.0	23109498.0	22639996.0	22640231.0	-469267.0
23109503.0	23109583.0	22640232.0	22640312.0	-469271.0
23109584.0	23110471.0	22640323.0	22641210.0	-469261.0
23110472.0	23110535.0	22641249.0	22641312.0	-469223.0
23110538.0	23110623.0	22641313.0	22641398.0	-469225.0
23110630.0	23110653.0	22641399.0	22641422.0	-469231.0
23110656.0	23110661.0	22641423.0	22641428.0	-469233.0
23110664.0	23110695.0	22641429.0	22641460.0	-469235.0
23110696.0	23110756.0	22641481.0	22641541.0	-469215.0
23110761.0	23110796.0	22641542.0	22641577.0	-469219.0
23110801.0	23110836.0	22641578.0	22641613.0	-469223.0
23110837.0	23111555.0	22641616.0	22642334.0	-469221.0
23111556.0	23113000.0	22642355.0	22643799.0	-469201.0
23113009.0	24646413.0	22643800.0	24177204.0	-469209.0
24646414.0	36832000.0	24177208.0	36362794.0	-469206.0
36832001.0	38754961.0	36362796.0	38285756.0	-469205.0
38754962.0	40990394.0	38285758.0	40521190.0	-469204.0
40990396.0	41605355.0	40521191.0	41136150.0	-469205.0
41605356.0	49488396.0	41136153.0	49019193.0	-469203.0
49488398.0	49489776.0	49019194.0	49020572.0	-469204.0
49489860.0	63777365.0	49023142.0	63310647.0	-466718.0
63777366.0	63779846.0	63310652.0	63313132.0	-466714.0
63779847.0	63781139.0	63313134.0	63314426.0	-466713.0
63781141.0	63781619.0	63314427.0	63314905.0	-466714.0
63781621.0	63784407.0	63314906.0	63317692.0	-466715.0
63784408.0	63787413.0	63317694.0	63320699.0	-466714.0
63787415.0	63787474.0	63320700.0	63320759.0	-466715.0
63787478.0	63788884.0	63320760.0	63322166.0	-466718.0
63788886.0	63792090.0	63322167.0	63325371.0	-466719.0
63792091.0	63795521.0	63325374.0	63328804.0	-466717.0
63795523.0	67353716.0	63328805.0	66886998.0	-466718.0
67353717.0	72618989.0	66887000.0	72152272.0	-466717.0
72618990.0	72623425.0	72152275.0	72156710.0	-466715.0
72623426.0	72633771.0	72156715.0	72167060.0	-466711.0
72633772.0	72636052.0	72167062.0	72169342.0	-466710.0
72636053.0	73913186.0	72169345.0	73446478.0	-466708.0
73913187.0	73924736.0	73446480.0	73458029.0	-466707.0
73924737.0	73933951.0	73458031.0	73467245.0	-466706.0
73933952.0	73957981.0	73467247.0	73491276.0	-466705.0
73957982.0	74100524.0	73491278.0	73633820.0	-466704.0
74100525.0	75954363.0	73633822.0	75487660.0	-466703.0
75954366.0	80974900.0	75488023.0	80508557.0	-466343.0
80974902.0	93006716.0	80508558.0	92540372.0	-466344.0
93006718.0	93674231.0	92540373.0	93207886.0	-466345.0
93674233.0	94582133.0	93207887.0	94115787.0	-466346.0
94582134.0	106252849.0	94115797.0	105786512.0	-466337.0
106252851.0	106253296.0	105786513.0	105786958.0	-466338.0
106253298.0	106258100.0	105786959.0	105791761.0	-466339.0
106258111.0	106261366.0	105791762.0	105795017.0	-466349.0
106261367.0	106262635.0	105795020.0	105796288.0	-466347.0
106262636.0	106265959.0	105796292.0	105799615.0	-466344.0
106265960.0	106268227.0	105799619.0	105801886.0	-466341.0
106268229.0	106270440.0	105801887.0	105804098.0	-466342.0
106270441.0	106279366.0	105804115.0	105813040.0	-466326.0
106279369.0	106279929.0	105813041.0	105813601.0	-466328.0
106279934.0	106280353.0	105813602.0	105814021.0	-466332.0
106280355.0	106295745.0	105814022.0	105829412.0	-466333.0
106295747.0	106304556.0	105829413.0	105838222.0	-466334.0
106304559.0	106309081.0	105838223.0	105842745.0	-466336.0
106309082.0	106317911.0	105842749.0	105851578.0	-466333.0
106317912.0	106319815.0	105851580.0	105853483.0	-466332.0
106319816.0	106319825.0	105853712.0	105853721.0	-466104.0
106319828.0	106319839.0	105853722.0	105853733.0	-466106.0
106319840.0	106319844.0	105853741.0	105853745.0	-466099.0
106319849.0	106319856.0	105853746.0	105853753.0	-466103.0
106319862.0	106319868.0	105853754.0	105853760.0	-466108.0
106319869.0	106319872.0	105853769.0	105853772.0	-466100.0
106319878.0	106323424.0	105853773.0	105857319.0	-466105.0
106323455.0	106323487.0	105857320.0	105857352.0	-466135.0
106323522.0	106325820.0	105857353.0	105859651.0	-466169.0
106325862.0	106325874.0	105859652.0	105859664.0	-466210.0
106325885.0	106326463.0	105859665.0	105860243.0	-466220.0
106326464.0	106332668.0	105860254.0	105866458.0	-466210.0
106332669.0	106333910.0	105866460.0	105867701.0	-466209.0
106333911.0	106334085.0	105868052.0	105868226.0	-465859.0
106334089.0	106337782.0	105868227.0	105871920.0	-465862.0
106337784.0	106340722.0	105871921.0	105874859.0	-465863.0
106340723.0	106344761.0	105874864.0	105878902.0	-465859.0
106344762.0	106375482.0	105878904.0	105909624.0	-465858.0
106375484.0	106390583.0	105909625.0	105924724.0	-465859.0
106390585.0	106401322.0	105924725.0	105935462.0	-465860.0
106401324.0	106401443.0	105935463.0	105935582.0	-465861.0
106401444.0	106401456.0	105935584.0	105935596.0	-465860.0
106401457.0	106401484.0	105935598.0	105935625.0	-465859.0
106401485.0	106401511.0	105935627.0	105935653.0	-465858.0
106401512.0	106401520.0	105935655.0	105935663.0	-465857.0
106401521.0	106401550.0	105935665.0	105935694.0	-465856.0
106401551.0	106409493.0	105935696.0	105943638.0	-465855.0
106409497.0	106410835.0	105943639.0	105944977.0	-465858.0
106410836.0	106414647.0	105944980.0	105948791.0	-465856.0
106414660.0	106415142.0	105948792.0	105949274.0	-465868.0
106415233.0	106415284.0	105949275.0	105949326.0	-465958.0
106415285.0	106416368.0	105949329.0	105950412.0	-465956.0
106416370.0	106416454.0	105950413.0	105950497.0	-465957.0
106416456.0	106416553.0	105950498.0	105950595.0	-465958.0
106416557.0	106418406.0	105950596.0	105952445.0	-465961.0
106418511.0	106424289.0	105952446.0	105958224.0	-466065.0
106424291.0	106433029.0	105958225.0	105966963.0	-466066.0
106433051.0	106435820.0	105966964.0	105969733.0	-466087.0
106435823.0	106441162.0	105969734.0	105975073.0	-466089.0
106441163.0	106442544.0	105975075.0	105976456.0	-466088.0
106442546.0	106444185.0	105976457.0	105978096.0	-466089.0
106444186.0	106444542.0	105978100.0	105978456.0	-466086.0
106444544.0	106455344.0	105978457.0	105989257.0	-466087.0
106455348.0	106458459.0	105989258.0	105992369.0	-466090.0
106458475.0	106460129.0	105992370.0	105994024.0	-466105.0
106460130.0	106462520.0	105994033.0	105996423.0	-466097.0
106462521.0	106463333.0	105996425.0	105997237.0	-466096.0
106463334.0	106465521.0	105997241.0	105999428.0	-466093.0
106465620.0	106465634.0	105999429.0	105999443.0	-466191.0
106465655.0	106465669.0	105999444.0	105999458.0	-466211.0
106465672.0	106465681.0	105999459.0	105999468.0	-466213.0
106465682.0	106465684.0	105999470.0	105999472.0	-466212.0
106465686.0	106465754.0	105999473.0	105999541.0	-466213.0
106465776.0	106465932.0	105999542.0	105999698.0	-466234.0
106465933.0	106465936.0	105999758.0	105999761.0	-466175.0
106465937.0	106465938.0	105999780.0	105999781.0	-466157.0
106465939.0	106466480.0	105999784.0	106000325.0	-466155.0
106466500.0	106466527.0	106000326.0	106000353.0	-466174.0
106466528.0	106466530.0	106000355.0	106000357.0	-466173.0
106466532.0	106466546.0	106000358.0	106000372.0	-466174.0
106466565.0	106466572.0	106000373.0	106000380.0	-466192.0
106466579.0	106466580.0	106000381.0	106000382.0	-466198.0
106466581.0	106466600.0	106000384.0	106000403.0	-466197.0
106466601.0	106466765.0	106000423.0	106000587.0	-466178.0
106466766.0	106466965.0	106000610.0	106000809.0	-466156.0
106466966.0	106467101.0	106000852.0	106000987.0	-466114.0
106467122.0	106467198.0	106000988.0	106001064.0	-466134.0
106467199.0	106467339.0	106001107.0	106001247.0	-466092.0
106467342.0	106467349.0	106001248.0	106001255.0	-466094.0
106467365.0	106467392.0	106001256.0	106001283.0	-466109.0
106467431.0	106467484.0	106001284.0	106001337.0	-466147.0
106467485.0	106467489.0	106001340.0	106001344.0	-466145.0
106467490.0	106467576.0	106001346.0	106001432.0	-466144.0
106467577.0	106469041.0	106001434.0	106002898.0	-466143.0
106469046.0	106469221.0	106002899.0	106003074.0	-466147.0
106469223.0	106469363.0	106003075.0	106003215.0	-466148.0
106469364.0	106470475.0	106003217.0	106004328.0	-466147.0
106470478.0	106472508.0	106004329.0	106006359.0	-466149.0
106472509.0	106472810.0	106006362.0	106006663.0	-466147.0
106472827.0	106476705.0	106006664.0	106010542.0	-466163.0
106476729.0	106478311.0	106010543.0	106012125.0	-466186.0
106478312.0	106479951.0	106012129.0	106013768.0	-466183.0
106479952.0	106480457.0	106013770.0	106014275.0	-466182.0
106480459.0	106480860.0	106014276.0	106014677.0	-466183.0
106480861.0	106482296.0	106014989.0	106016424.0	-465872.0
106482297.0	106482455.0	106016426.0	106016584.0	-465871.0
106482456.0	106483362.0	106016588.0	106017494.0	-465868.0
106483363.0	106483671.0	106027052.0	106027360.0	-456311.0
106483673.0	106484062.0	106027361.0	106027750.0	-456312.0
106484063.0	106484388.0	106027752.0	106028077.0	-456311.0
106484389.0	106485413.0	106028161.0	106029185.0	-456228.0
106485414.0	106485626.0	106029187.0	106029399.0	-456227.0
106485627.0	106486115.0	106029404.0	106029892.0	-456223.0
106486126.0	106486839.0	106029893.0	106030606.0	-456233.0
106486840.0	106491841.0	106030609.0	106035610.0	-456231.0
106491849.0	106496418.0	106035617.0	106040186.0	-456232.0
106496419.0	106502642.0	106040188.0	106046411.0	-456231.0
106502643.0	106505241.0	106046413.0	106049011.0	-456230.0
106505242.0	106506259.0	106049013.0	106050030.0	-456229.0
106506261.0	106506351.0	106050031.0	106050121.0	-456230.0
106506352.0	106509045.0	106050123.0	106052816.0	-456229.0
106509049.0	106509468.0	106052817.0	106053236.0	-456232.0
106509470.0	106513422.0	106053237.0	106057189.0	-456233.0
106513433.0	106514842.0	106057190.0	106058599.0	-456243.0
106514844.0	106514925.0	106058600.0	106058681.0	-456244.0
106514927.0	106514936.0	106058682.0	106058691.0	-456245.0
106514938.0	106515383.0	106058692.0	106059137.0	-456246.0
106515384.0	106515571.0	106059139.0	106059326.0	-456245.0
106515573.0	106515650.0	106059327.0	106059404.0	-456246.0
106515651.0	106515814.0	106059406.0	106059569.0	-456245.0
106515816.0	106515848.0	106059570.0	106059602.0	-456246.0
106515850.0	106516785.0	106059603.0	106060538.0	-456247.0
106516787.0	106516794.0	106060539.0	106060546.0	-456248.0
106516796.0	106522448.0	106060547.0	106066199.0	-456249.0
106522449.0	106523071.0	106066204.0	106066826.0	-456245.0
106523073.0	106523166.0	106066827.0	106066920.0	-456246.0
106523168.0	106523234.0	106066921.0	106066987.0	-456247.0
106523235.0	106524047.0	106066989.0	106067801.0	-456246.0
106524048.0	106524666.0	106067804.0	106068422.0	-456244.0
106524668.0	106525586.0	106068423.0	106069341.0	-456245.0
106525591.0	106525787.0	106069342.0	106069538.0	-456249.0
106525788.0	106528096.0	106069540.0	106071848.0	-456248.0
106528103.0	106528108.0	106071849.0	106071854.0	-456254.0
106528109.0	106529121.0	106071866.0	106072878.0	-456243.0
106529122.0	106529922.0	106072880.0	106073680.0	-456242.0
106529924.0	106530476.0	106073681.0	106074233.0	-456243.0
106530477.0	106530907.0	106074236.0	106074666.0	-456241.0
106530908.0	106530974.0	106074668.0	106074734.0	-456240.0
106530975.0	106531035.0	106074740.0	106074800.0	-456235.0
106531036.0	106531115.0	106074805.0	106074884.0	-456231.0
106531126.0	106531221.0	106074885.0	106074980.0	-456241.0
106531223.0	106531320.0	106074981.0	106075078.0	-456242.0
106531322.0	106531462.0	106076642.0	106076782.0	-454680.0
106531464.0	106531531.0	106076783.0	106076850.0	-454681.0
106531534.0	106531787.0	106076851.0	106077104.0	-454683.0
106535083.0	106535087.0	106757474.0	106757478.0	222391.0
106535088.0	106535094.0	106757482.0	106757488.0	222394.0
106535097.0	106535115.0	106757489.0	106757507.0	222392.0
106535116.0	106535256.0	106757510.0	106757650.0	222394.0
106540632.0	106540729.0	106763851.0	106763948.0	223219.0
106540730.0	106540732.0	106763950.0	106763952.0	223220.0
106540734.0	106540906.0	106763953.0	106764125.0	223219.0
106540908.0	106541145.0	106764126.0	106764363.0	223218.0
106541148.0	106541322.0	106764364.0	106764538.0	223216.0
106541323.0	106541342.0	106764541.0	106764560.0	223218.0
106541343.0	106541353.0	106764562.0	106764572.0	223219.0
106541355.0	106541356.0	106764573.0	106764574.0	223218.0
106541357.0	106541369.0	106764576.0	106764588.0	223219.0
106541370.0	106541509.0	106764590.0	106764729.0	223220.0
106541510.0	106541662.0	106764737.0	106764889.0	223227.0
106541665.0	106541677.0	106764890.0	106764902.0	223225.0
106541679.0	106541727.0	106764903.0	106764951.0	223224.0
106541729.0	106542337.0	106764952.0	106765560.0	223223.0
106542339.0	106542356.0	106765561.0	106765578.0	223222.0
106542357.0	106542579.0	106765580.0	106765802.0	223223.0
106542580.0	106542663.0	106765804.0	106765887.0	223224.0
106542667.0	106542671.0	106765888.0	106765892.0	223221.0
106542672.0	106542846.0	106765899.0	106766073.0	223227.0
106549040.0	106549049.0	106466925.0	106466934.0	-82115.0
106550207.0	106550228.0	106468067.0	106468088.0	-82140.0
106551347.0	106551529.0	106469210.0	106469392.0	-82137.0
106552610.0	106552636.0	106211260.0	106211286.0	-341350.0
106552827.0	106552919.0	106211489.0	106211581.0	-341338.0
106557218.0	106557223.0	106035611.0	106035616.0	-521607.0
106561186.0	106561218.0	106303090.0	106303122.0	-258096.0
106569343.0	106569365.0	106112755.0	106112777.0	-456588.0
106569366.0	106569422.0	106112779.0	106112835.0	-456587.0
106569424.0	106569594.0	106112836.0	106113006.0	-456588.0
106569603.0	106569797.0	106113007.0	106113201.0	-456596.0
106569798.0	106570310.0	106113206.0	106113718.0	-456592.0
106570311.0	106570403.0	106113722.0	106113814.0	-456589.0
106570410.0	106570604.0	106113815.0	106114009.0	-456595.0
106570606.0	106570681.0	106114010.0	106114085.0	-456596.0
106570684.0	106572972.0	106114086.0	106116374.0	-456598.0
106572973.0	106572996.0	106116377.0	106116400.0	-456596.0
106572997.0	106573174.0	106116402.0	106116579.0	-456595.0
106573176.0	106574981.0	106116580.0	106118385.0	-456596.0
106574983.0	106576773.0	106118386.0	106120176.0	-456597.0
106576774.0	106577962.0	106120178.0	106121366.0	-456596.0
106577963.0	106578003.0	106121368.0	106121408.0	-456595.0
106578004.0	106580340.0	106121410.0	106123746.0	-456594.0
106580342.0	106589174.0	106123747.0	106132579.0	-456595.0
106589175.0	106592883.0	106132584.0	106136292.0	-456591.0
106592885.0	106592905.0	106136293.0	106136313.0	-456592.0
106592907.0	106592909.0	106136314.0	106136316.0	-456593.0
106592911.0	106592971.0	106136317.0	106136377.0	-456594.0
106592973.0	106592982.0	106136378.0	106136387.0	-456595.0
106592984.0	106593878.0	106136388.0	106137282.0	-456596.0
106593880.0	106594591.0	106137283.0	106137994.0	-456597.0
106594593.0	106595153.0	106137995.0	106138555.0	-456598.0
106595155.0	106595769.0	106138556.0	106139170.0	-456599.0
106595771.0	106595784.0	106139171.0	106139184.0	-456600.0
106595786.0	106596135.0	106139185.0	106139534.0	-456601.0
106596136.0	106597949.0	106139537.0	106141350.0	-456599.0
106597950.0	106598479.0	106141352.0	106141881.0	-456598.0
106598537.0	106598566.0	106141882.0	106141911.0	-456655.0
106598570.0	106598655.0	106141912.0	106141997.0	-456658.0
106598704.0	106598726.0	106141998.0	106142020.0	-456706.0
106598731.0	106598778.0	106142021.0	106142068.0	-456710.0
106598779.0	106598818.0	106142070.0	106142109.0	-456709.0
106598819.0	106599547.0	106142111.0	106142839.0	-456708.0
106599549.0	106601629.0	106142840.0	106144920.0	-456709.0
106601630.0	106613067.0	106144941.0	106156378.0	-456689.0
106613069.0	106616106.0	106156379.0	106159416.0	-456690.0
106616107.0	106616618.0	106159418.0	106159929.0	-456689.0
106616619.0	106618204.0	106159933.0	106161518.0	-456686.0
106618206.0	106621238.0	106161519.0	106164551.0	-456687.0
106621240.0	106621341.0	106164552.0	106164653.0	-456688.0
106621343.0	106622430.0	106164654.0	106165741.0	-456689.0
106622431.0	106622585.0	106165743.0	106165897.0	-456688.0
106622586.0	106623811.0	106165899.0	106167124.0	-456687.0
106623813.0	106626534.0	106167125.0	106169846.0	-456688.0
106626537.0	106627703.0	106169847.0	106171013.0	-456690.0
106627704.0	106632743.0	106171015.0	106176054.0	-456689.0
106632744.0	106635140.0	106176056.0	106178452.0	-456688.0
106635141.0	106635729.0	106178461.0	106179049.0	-456680.0
106635730.0	106636324.0	106179053.0	106179647.0	-456677.0
106636325.0	106636348.0	106179649.0	106179672.0	-456676.0
106636349.0	106636364.0	106179674.0	106179689.0	-456675.0
106636365.0	106636370.0	106179691.0	106179696.0	-456674.0
106636371.0	106636376.0	106179698.0	106179703.0	-456673.0
106636377.0	106636385.0	106179706.0	106179714.0	-456671.0
106636386.0	106636398.0	106179716.0	106179728.0	-456670.0
106636399.0	106636434.0	106179730.0	106179765.0	-456669.0
106636435.0	106636453.0	106179767.0	106179785.0	-456668.0
106636454.0	106636488.0	106179787.0	106179821.0	-456667.0
106636489.0	106636662.0	106179823.0	106179996.0	-456666.0
106636663.0	106636709.0	106179998.0	106180044.0	-456665.0
106636710.0	106636724.0	106180046.0	106180060.0	-456664.0
106636725.0	106636731.0	106180062.0	106180068.0	-456663.0
106636732.0	106636736.0	106180070.0	106180074.0	-456662.0
106636737.0	106636742.0	106180076.0	106180081.0	-456661.0
106636743.0	106636754.0	106180083.0	106180094.0	-456660.0
106636755.0	106636768.0	106180096.0	106180109.0	-456659.0
106636769.0	106636820.0	106180111.0	106180162.0	-456658.0
106636821.0	106638494.0	106180164.0	106181837.0	-456657.0
106638495.0	106638706.0	106181839.0	106182050.0	-456656.0
106638708.0	106638739.0	106182051.0	106182082.0	-456657.0
106638741.0	106638770.0	106182083.0	106182112.0	-456658.0
106638772.0	106639181.0	106182113.0	106182522.0	-456659.0
106639183.0	106641286.0	106182523.0	106184626.0	-456660.0
106641289.0	106644107.0	106184627.0	106187445.0	-456662.0
106644108.0	106646665.0	106187447.0	106190004.0	-456661.0
106646674.0	106647600.0	106190005.0	106190931.0	-456669.0
106647603.0	106650315.0	106190932.0	106193644.0	-456671.0
106650316.0	106650368.0	106193646.0	106193698.0	-456670.0
106650370.0	106656032.0	106193699.0	106199361.0	-456671.0
106656034.0	106656040.0	106199362.0	106199368.0	-456672.0
106656041.0	106656046.0	106199370.0	106199375.0	-456671.0
106656047.0	106658769.0	106199377.0	106202099.0	-456670.0
106658770.0	106660526.0	106202101.0	106203857.0	-456669.0
106660527.0	106667902.0	106203884.0	106211259.0	-456643.0
106667929.0	106668130.0	106211287.0	106211488.0	-456642.0
106668222.0	106669666.0	106211582.0	106213026.0	-456640.0
106669668.0	106669858.0	106213027.0	106213217.0	-456641.0
106669865.0	106669865.0	106213218.0	106213218.0	-456647.0
106669866.0	106671078.0	106213224.0	106214436.0	-456642.0
106671080.0	106673992.0	106214437.0	106217349.0	-456643.0
106673994.0	106676572.0	106217350.0	106219928.0	-456644.0
106676574.0	106676600.0	106219929.0	106219955.0	-456645.0
106676602.0	106679284.0	106219956.0	106222638.0	-456646.0
106679285.0	106680968.0	106222640.0	106224323.0	-456645.0
106680969.0	106684278.0	106224326.0	106227635.0	-456643.0
106684279.0	106687226.0	106227637.0	106230584.0	-456642.0
106687229.0	106687777.0	106230585.0	106231133.0	-456644.0
106687778.0	106688285.0	106231170.0	106231677.0	-456608.0
106688288.0	106689514.0	106231678.0	106232904.0	-456610.0
106689515.0	106690717.0	106232906.0	106234108.0	-456609.0
106690719.0	106690830.0	106234109.0	106234220.0	-456610.0
106690832.0	106691601.0	106234221.0	106234990.0	-456611.0
106691602.0	106691620.0	106234992.0	106235010.0	-456610.0
106691621.0	106692576.0	106235012.0	106235967.0	-456609.0
106692578.0	106693004.0	106235968.0	106236394.0	-456610.0
106693006.0	106693054.0	106236395.0	106236443.0	-456611.0
106693056.0	106693360.0	106236444.0	106236748.0	-456612.0
106693362.0	106693757.0	106236749.0	106237144.0	-456613.0
106693759.0	106694947.0	106237145.0	106238333.0	-456614.0
106694948.0	106695000.0	106238335.0	106238387.0	-456613.0
106695002.0	106695052.0	106238388.0	106238438.0	-456614.0
106695054.0	106695059.0	106238439.0	106238444.0	-456615.0
106695061.0	106696038.0	106238445.0	106239422.0	-456616.0
106696039.0	106696776.0	106239449.0	106240186.0	-456590.0
106696777.0	106696898.0	106240188.0	106240309.0	-456589.0
106696900.0	106696911.0	106240310.0	106240321.0	-456590.0
106696913.0	106699497.0	106240322.0	106242906.0	-456591.0
106699502.0	106701359.0	106242907.0	106244764.0	-456595.0
106701360.0	106704636.0	106244766.0	106248042.0	-456594.0
106704637.0	106705235.0	106248044.0	106248642.0	-456593.0
106705236.0	106706876.0	106248645.0	106250285.0	-456591.0
106706878.0	106707950.0	106250286.0	106251358.0	-456592.0
106707953.0	106710177.0	106251359.0	106253583.0	-456594.0
106710179.0	106713126.0	106253584.0	106256531.0	-456595.0
106713128.0	106713419.0	106256532.0	106256823.0	-456596.0
106713420.0	106713676.0	106256827.0	106257083.0	-456593.0
106713678.0	106713826.0	106257084.0	106257232.0	-456594.0
106713828.0	106714238.0	106257233.0	106257643.0	-456595.0
106714241.0	106714287.0	106257644.0	106257690.0	-456597.0
106714289.0	106715708.0	106257691.0	106259110.0	-456598.0
106715709.0	106718455.0	106259112.0	106261858.0	-456597.0
106718456.0	106719768.0	106261860.0	106263172.0	-456596.0
106719769.0	106721143.0	106263176.0	106264550.0	-456593.0
106721144.0	106721160.0	106264552.0	106264568.0	-456592.0
106721162.0	106726433.0	106264569.0	106269840.0	-456593.0
106726438.0	106727672.0	106269841.0	106271075.0	-456597.0
106727673.0	106729339.0	106271077.0	106272743.0	-456596.0
106729340.0	106732846.0	106272745.0	106276251.0	-456595.0
106732848.0	106735111.0	106276252.0	106278515.0	-456596.0
106735112.0	106736308.0	106278517.0	106279713.0	-456595.0
106736309.0	106737274.0	106279715.0	106280680.0	-456594.0
106737275.0	106742650.0	106280683.0	106286058.0	-456592.0
106742652.0	106742680.0	106286059.0	106286087.0	-456593.0
106742683.0	106744834.0	106286088.0	106288239.0	-456595.0
106744835.0	106746897.0	106288241.0	106290303.0	-456594.0
106746898.0	106748489.0	106290305.0	106291896.0	-456593.0
106748490.0	106748986.0	106291898.0	106292394.0	-456592.0
106748988.0	106749173.0	106292395.0	106292580.0	-456593.0
106749175.0	106750428.0	106292581.0	106293834.0	-456594.0
106750430.0	106753298.0	106293835.0	106296703.0	-456595.0
106753299.0	106754657.0	106296705.0	106298063.0	-456594.0
106754658.0	106754676.0	106298065.0	106298083.0	-456593.0
106754677.0	106756930.0	106298085.0	106300338.0	-456592.0
106756931.0	106759343.0	106300677.0	106303089.0	-456254.0
106759376.0	106762229.0	106303123.0	106305976.0	-456253.0
106762244.0	106762295.0	106305977.0	106306028.0	-456267.0
106762296.0	106763845.0	106306037.0	106307586.0	-456259.0
106763847.0	106763894.0	106307587.0	106307634.0	-456260.0
106763895.0	106763912.0	106307636.0	106307653.0	-456259.0
106763914.0	106763922.0	106307654.0	106307662.0	-456260.0
106763924.0	106763947.0	106307663.0	106307686.0	-456261.0
106763948.0	106764462.0	106307688.0	106308202.0	-456260.0
106764464.0	106767378.0	106308203.0	106311117.0	-456261.0
106767380.0	106767605.0	106311118.0	106311343.0	-456262.0
106767606.0	106767614.0	106311345.0	106311353.0	-456261.0
106767615.0	106768214.0	106311355.0	106311954.0	-456260.0
106768216.0	106770218.0	106311955.0	106313957.0	-456261.0
106770220.0	106770810.0	106313958.0	106314548.0	-456262.0
106770812.0	106772193.0	106314549.0	106315930.0	-456263.0
106772194.0	106772939.0	106315933.0	106316678.0	-456261.0
106772941.0	106773283.0	106316679.0	106317021.0	-456262.0
106773285.0	106775593.0	106317022.0	106319330.0	-456263.0
106775594.0	106781656.0	106319337.0	106325399.0	-456257.0
106781658.0	106781660.0	106325400.0	106325402.0	-456258.0
106781661.0	106784805.0	106325404.0	106328548.0	-456257.0
106785214.0	106785241.0	106353991.0	106354018.0	-431223.0
106785247.0	106785554.0	106354023.0	106354330.0	-431224.0
106786018.0	106786156.0	106354800.0	106354938.0	-431218.0
106786878.0	106787007.0	106355664.0	106355793.0	-431214.0
106788261.0	106788456.0	106357059.0	106357254.0	-431202.0
106793847.0	106794998.0	106337924.0	106339075.0	-455923.0
106794999.0	106795726.0	106339077.0	106339804.0	-455922.0
106795728.0	106797084.0	106339805.0	106341161.0	-455923.0
106797086.0	106798058.0	106341162.0	106342134.0	-455924.0
106798059.0	106799270.0	106342137.0	106343348.0	-455922.0
106799272.0	106800271.0	106343349.0	106344348.0	-455923.0
106800273.0	106806051.0	106344349.0	106350127.0	-455924.0
106806053.0	106806223.0	106350128.0	106350298.0	-455925.0
106806233.0	106806740.0	106350299.0	106350806.0	-455934.0
106806741.0	106806815.0	106350808.0	106350882.0	-455933.0
106806820.0	106806881.0	106350883.0	106350944.0	-455937.0
106806882.0	106806938.0	106350946.0	106351002.0	-455936.0
106806939.0	106807756.0	106351007.0	106351824.0	-455932.0
106807757.0	106808140.0	106351826.0	106352209.0	-455931.0
106808141.0	106808153.0	106352218.0	106352230.0	-455923.0
106808155.0	106808321.0	106352231.0	106352397.0	-455924.0
106808333.0	106808364.0	106352398.0	106352429.0	-455935.0
106808369.0	106808521.0	106352430.0	106352582.0	-455939.0
106808522.0	106809426.0	106352589.0	106353493.0	-455933.0
106809427.0	106809919.0	106353498.0	106353990.0	-455929.0
106809946.0	106809949.0	106354019.0	106354022.0	-455927.0
106810256.0	106810724.0	106354331.0	106354799.0	-455925.0
106810864.0	106811588.0	106354939.0	106355663.0	-455925.0
106811720.0	106812984.0	106355794.0	106357058.0	-455926.0
106813184.0	106823279.0	106357255.0	106367350.0	-455929.0
106823281.0	106823968.0	106367351.0	106368038.0	-455930.0
106823970.0	106834780.0	106368039.0	106378849.0	-455931.0
106834783.0	106840219.0	106378850.0	106384286.0	-455933.0
106840220.0	106843217.0	106384288.0	106387285.0	-455932.0
106843218.0	106846439.0	106387287.0	106390508.0	-455931.0
106846440.0	106847346.0	106390530.0	106391436.0	-455910.0
106847348.0	106851425.0	106391437.0	106395514.0	-455911.0
106851427.0	106855569.0	106395515.0	106399657.0	-455912.0
106855570.0	106863269.0	106399659.0	106407358.0	-455911.0
106863271.0	106865381.0	106407359.0	106409469.0	-455912.0
106865383.0	106867398.0	106409470.0	106411485.0	-455913.0
106867401.0	106867769.0	106411486.0	106411854.0	-455915.0
106867770.0	106870805.0	106411856.0	106414891.0	-455914.0
106870807.0	106871545.0	106414892.0	106415630.0	-455915.0
106871547.0	106872813.0	106415631.0	106416897.0	-455916.0
106872815.0	106875087.0	106416898.0	106419170.0	-455917.0
106875088.0	106875759.0	106419173.0	106419844.0	-455915.0
106875760.0	106877447.0	106419846.0	106421533.0	-455914.0
106877448.0	106878285.0	106421540.0	106422377.0	-455908.0
106878286.0	106879755.0	106422379.0	106423848.0	-455907.0
106879756.0	106881067.0	106423850.0	106425161.0	-455906.0
106881068.0	106881770.0	106425163.0	106425865.0	-455905.0
106881772.0	106882591.0	106425866.0	106426685.0	-455906.0
106882593.0	106886302.0	106426686.0	106430395.0	-455907.0
106886303.0	106886417.0	106430397.0	106430511.0	-455906.0
106886419.0	106886948.0	106430512.0	106431041.0	-455907.0
106886950.0	106887042.0	106431042.0	106431134.0	-455908.0
106887043.0	106887673.0	106431136.0	106431766.0	-455907.0
106887674.0	106888872.0	106431768.0	106432966.0	-455906.0
106888873.0	106889922.0	106432968.0	106434017.0	-455905.0
106889926.0	106890531.0	106434018.0	106434623.0	-455908.0
106890533.0	106890603.0	106434624.0	106434694.0	-455909.0
106890605.0	106891054.0	106434695.0	106435144.0	-455910.0
106891055.0	106891862.0	106435146.0	106435953.0	-455909.0
106891864.0	106895858.0	106435954.0	106439948.0	-455910.0
106895860.0	106899121.0	106439949.0	106443210.0	-455911.0
106899122.0	106901814.0	106443212.0	106445904.0	-455910.0
106901816.0	106902140.0	106445905.0	106446229.0	-455911.0
106902141.0	106907400.0	106446235.0	106451494.0	-455906.0
106907401.0	106908043.0	106451496.0	106452138.0	-455905.0
106908044.0	106910614.0	106452143.0	106454713.0	-455901.0
106910617.0	106913228.0	106454714.0	106457325.0	-455903.0
106913249.0	106915517.0	106457326.0	106459594.0	-455923.0
106915518.0	106915540.0	106459596.0	106459618.0	-455922.0
106915544.0	106922849.0	106459619.0	106466924.0	-455925.0
106922858.0	106923989.0	106466935.0	106468066.0	-455923.0
106924013.0	106925133.0	106468089.0	106469209.0	-455924.0
106925316.0	106925928.0	106469393.0	106470005.0	-455923.0
106925930.0	106928857.0	106470006.0	106472933.0	-455924.0
106928858.0	106929341.0	106472935.0	106473418.0	-455923.0
106929412.0	106929431.0	106473419.0	106473438.0	-455993.0
106929440.0	106930023.0	106473439.0	106474022.0	-456001.0
106930025.0	106930673.0	106474023.0	106474671.0	-456002.0
106930675.0	106930695.0	106474672.0	106474692.0	-456003.0
106930697.0	106931025.0	106474693.0	106475021.0	-456004.0
106931026.0	106931152.0	106475023.0	106475149.0	-456003.0
106931154.0	106931891.0	106475150.0	106475887.0	-456004.0
106931893.0	106934222.0	106475888.0	106478217.0	-456005.0
106934224.0	106935356.0	106478218.0	106479350.0	-456006.0
106935358.0	106937468.0	106479351.0	106481461.0	-456007.0
106937469.0	106937911.0	106481463.0	106481905.0	-456006.0
106937913.0	106938037.0	106481906.0	106482030.0	-456007.0
106938038.0	106938486.0	106482032.0	106482480.0	-456006.0
106938488.0	106946251.0	106482481.0	106490244.0	-456007.0
106946253.0	106946268.0	106490245.0	106490260.0	-456008.0
106946270.0	106946283.0	106490261.0	106490274.0	-456009.0
106946285.0	106946295.0	106490275.0	106490285.0	-456010.0
106946297.0	106949757.0	106490286.0	106493746.0	-456011.0
106949761.0	106954304.0	106493747.0	106498290.0	-456014.0
106954305.0	106954324.0	106498294.0	106498313.0	-456011.0
106954325.0	106954689.0	106498364.0	106498728.0	-455961.0
106954693.0	106954716.0	106498729.0	106498752.0	-455964.0
106954717.0	106954731.0	106498755.0	106498769.0	-455962.0
106954732.0	106954754.0	106498780.0	106498802.0	-455952.0
106954755.0	106956873.0	106498811.0	106500929.0	-455944.0
106956874.0	106958569.0	106500938.0	106502633.0	-455936.0
106958570.0	106960442.0	106502635.0	106504507.0	-455935.0
106960443.0	106961350.0	106504509.0	106505416.0	-455934.0
106961351.0	106964412.0	106505418.0	106508479.0	-455933.0
106964413.0	106965208.0	106508481.0	106509276.0	-455932.0
106965210.0	106965981.0	106509277.0	106510048.0	-455933.0
106965982.0	106968726.0	106510050.0	106512794.0	-455932.0
106968728.0	106969290.0	106512795.0	106513357.0	-455933.0
106969291.0	106971174.0	106513361.0	106515244.0	-455930.0
106971179.0	106972354.0	106515245.0	106516420.0	-455934.0
106972357.0	106972557.0	106516421.0	106516621.0	-455936.0
106972565.0	106972565.0	106516622.0	106516622.0	-455943.0
106972566.0	106974259.0	106516634.0	106518327.0	-455932.0
106974260.0	106978653.0	106518333.0	106522726.0	-455927.0
106978668.0	106978782.0	106522727.0	106522841.0	-455941.0
106978783.0	106979912.0	106522843.0	106523972.0	-455940.0
106979916.0	106981236.0	106523973.0	106525293.0	-455943.0
106981237.0	106982198.0	106525295.0	106526256.0	-455942.0
106982199.0	106984228.0	106526258.0	106528287.0	-455941.0
106984230.0	106986870.0	106528288.0	106530928.0	-455942.0
106986931.0	106991730.0	106530929.0	106535728.0	-456002.0
106991731.0	106993543.0	106535730.0	106537542.0	-456001.0
106993546.0	106993754.0	106537543.0	106537751.0	-456003.0
106993757.0	106993757.0	106537752.0	106537752.0	-456005.0
106993758.0	106995094.0	106537756.0	106539092.0	-456002.0
106995096.0	106995753.0	106539093.0	106539750.0	-456003.0
106995754.0	106995946.0	106539758.0	106539950.0	-455996.0
106995947.0	106996659.0	106539952.0	106540664.0	-455995.0
106996663.0	106997184.0	106540665.0	106541186.0	-455998.0
106997185.0	106997210.0	106541188.0	106541213.0	-455997.0
106997211.0	106997224.0	106541215.0	106541228.0	-455996.0
106997225.0	106997231.0	106541230.0	106541236.0	-455995.0
106997232.0	106997862.0	106541238.0	106541868.0	-455994.0
106997864.0	106999078.0	106541869.0	106543083.0	-455995.0
106999079.0	106999725.0	106543086.0	106543732.0	-455993.0
106999726.0	106999912.0	106543735.0	106543921.0	-455991.0
106999913.0	107002332.0	106543923.0	106546342.0	-455990.0
107002337.0	107010490.0	106546343.0	106554496.0	-455994.0
107010492.0	107010507.0	106554497.0	106554512.0	-455995.0
107010509.0	107012233.0	106554513.0	106556237.0	-455996.0
107012236.0	107012237.0	106556238.0	106556239.0	-455998.0
107012240.0	107014109.0	106556240.0	106558109.0	-456000.0
107014111.0	107014341.0	106558110.0	106558340.0	-456001.0
107014342.0	107016328.0	106558343.0	106560329.0	-455999.0
107016329.0	107016677.0	106560334.0	106560682.0	-455995.0
107016678.0	107017011.0	106560687.0	106561020.0	-455991.0
107017012.0	107017303.0	106561022.0	106561313.0	-455990.0
107017305.0	107017888.0	106561314.0	106561897.0	-455991.0
107017889.0	107018045.0	106561899.0	106562055.0	-455990.0
107018047.0	107018466.0	106562056.0	106562475.0	-455991.0
107018467.0	107019447.0	106562477.0	106563457.0	-455990.0
107019448.0	107020037.0	106563459.0	106564048.0	-455989.0
107020038.0	107023454.0	106564050.0	106567466.0	-455988.0
107023455.0	107025295.0	106567468.0	106569308.0	-455987.0
107025296.0	107029941.0	106569313.0	106573958.0	-455983.0
107029943.0	107033799.0	106573959.0	106577815.0	-455984.0
107033801.0	107035447.0	106577816.0	106579462.0	-455985.0
107035449.0	107039008.0	106579463.0	106583022.0	-455986.0
107039010.0	107040337.0	106583023.0	106584350.0	-455987.0
107040338.0	107040364.0	106584355.0	106584381.0	-455983.0
107040367.0	107040619.0	106584382.0	106584634.0	-455985.0
107040620.0	107044467.0	106584636.0	106588483.0	-455984.0
107044473.0	107045257.0	106588484.0	106589268.0	-455989.0
107045260.0	107048260.0	106589269.0	106592269.0	-455991.0
107048262.0	107048612.0	106592270.0	106592620.0	-455992.0
107048615.0	107049870.0	106592621.0	106593876.0	-455994.0
107049871.0	107049941.0	106593878.0	106593948.0	-455993.0
107049943.0	107050407.0	106593949.0	106594413.0	-455994.0
107050409.0	107051434.0	106594414.0	106595439.0	-455995.0
107051439.0	107051448.0	106595440.0	106595449.0	-455999.0
107051451.0	107052403.0	106595450.0	106596402.0	-456001.0
107052414.0	107054658.0	106596403.0	106598647.0	-456011.0
107054660.0	107056337.0	106598648.0	106600325.0	-456012.0
107056338.0	107056678.0	106600327.0	106600667.0	-456011.0
107056680.0	107057611.0	106600668.0	106601599.0	-456012.0
107057612.0	107057666.0	106601608.0	106601662.0	-456004.0
107057667.0	107059393.0	106601664.0	106603390.0	-456003.0
107059394.0	107059546.0	106603392.0	106603544.0	-456002.0
107059547.0	107059958.0	106603546.0	106603957.0	-456001.0
107059960.0	107060161.0	106603958.0	106604159.0	-456002.0
107060162.0	107060435.0	106604161.0	106604434.0	-456001.0
107060437.0	107060451.0	106604435.0	106604449.0	-456002.0
107060453.0	107060744.0	106604450.0	106604741.0	-456003.0
107060746.0	107060764.0	106604742.0	106604760.0	-456004.0
107060766.0	107060778.0	106604761.0	106604773.0	-456005.0
107060780.0	107061512.0	106604774.0	106605506.0	-456006.0
107061514.0	107061553.0	106605507.0	106605546.0	-456007.0
107061555.0	107061658.0	106605547.0	106605650.0	-456008.0
107061661.0	107063284.0	106605651.0	106607274.0	-456010.0
107063285.0	107063730.0	106607276.0	106607721.0	-456009.0
107063732.0	107067083.0	106607722.0	106611073.0	-456010.0
107067085.0	107067096.0	106611074.0	106611085.0	-456011.0
107067098.0	107067131.0	106611086.0	106611119.0	-456012.0
107067133.0	107067346.0	106611120.0	106611333.0	-456013.0
107067347.0	107070802.0	106611336.0	106614791.0	-456011.0
107070805.0	107076044.0	106614792.0	106620031.0	-456013.0
107076046.0	107082873.0	106620032.0	106626859.0	-456014.0
107082874.0	107082881.0	106626863.0	106626870.0	-456011.0
107082882.0	107082892.0	106626874.0	106626884.0	-456008.0
107082893.0	107096428.0	106626888.0	106640423.0	-456005.0
107096430.0	107096630.0	106640424.0	106640624.0	-456006.0
107096632.0	107098881.0	106640625.0	106642874.0	-456007.0
107098882.0	107099095.0	106642878.0	106643091.0	-456004.0
107099096.0	107106504.0	106643093.0	106650501.0	-456003.0
107106506.0	107107184.0	106650502.0	106651180.0	-456004.0
107107195.0	107107691.0	106651181.0	106651677.0	-456014.0
107107693.0	107109217.0	106651678.0	106653202.0	-456015.0
107109219.0	107133139.0	106653203.0	106677123.0	-456016.0
107133141.0	107160781.0	106677124.0	106704764.0	-456017.0
107160782.0	107161796.0	106704766.0	106705780.0	-456016.0
107161797.0	107165926.0	106706546.0	106710675.0	-455251.0
107165927.0	107174624.0	106710680.0	106719377.0	-455247.0
107174625.0	107175048.0	106719379.0	106719802.0	-455246.0
107175050.0	107175738.0	106719803.0	106720491.0	-455247.0
107175740.0	107176287.0	106720492.0	106721039.0	-455248.0
107176288.0	107176925.0	106721041.0	106721678.0	-455247.0
107176926.0	107178564.0	106721680.0	106723318.0	-455246.0
107178565.0	107178704.0	106723320.0	106723459.0	-455245.0
107178706.0	107178775.0	106723460.0	106723529.0	-455246.0
107178776.0	107179927.0	106723531.0	106724682.0	-455245.0
107179928.0	107180989.0	106771686.0	106772747.0	-408242.0
107180990.0	107181301.0	106772749.0	106773060.0	-408241.0
107181302.0	107181699.0	106773063.0	106773460.0	-408239.0
107181700.0	107181967.0	106773462.0	106773729.0	-408238.0
107181969.0	107188825.0	106773730.0	106780586.0	-408239.0
107188826.0	107188930.0	106780588.0	106780692.0	-408238.0
107188931.0	107192994.0	106780694.0	106784757.0	-408237.0
107192996.0	107202663.0	106784758.0	106794425.0	-408238.0
107202664.0	107203498.0	106794427.0	106795261.0	-408237.0
107203500.0	107214143.0	106795262.0	106805905.0	-408238.0
107214144.0	107218484.0	106805908.0	106810248.0	-408236.0
107218485.0	107218495.0	106810250.0	106810260.0	-408235.0
107218496.0	107221818.0	106810262.0	106813584.0	-408234.0
107221819.0	107227070.0	106813586.0	106818837.0	-408233.0
107227071.0	107227828.0	106818839.0	106819596.0	-408232.0
107227829.0	107229743.0	106819598.0	106821512.0	-408231.0
107229744.0	107235828.0	106821514.0	106827598.0	-408230.0
107235829.0	107237471.0	106827601.0	106829243.0	-408228.0
107237472.0	107241571.0	106829245.0	106833344.0	-408227.0
107241572.0	107243640.0	106833346.0	106835414.0	-408226.0
107243641.0	107251947.0	106835425.0	106843731.0	-408216.0
107251948.0	107270972.0	106843733.0	106862757.0	-408215.0
107270974.0	107271975.0	106862758.0	106863759.0	-408216.0
107271976.0	107272001.0	106863761.0	106863786.0	-408215.0
107272003.0	107272523.0	106863787.0	106864307.0	-408216.0
107272524.0	107274797.0	106864309.0	106866582.0	-408215.0
107274798.0	107274810.0	106866584.0	106866596.0	-408214.0
107274811.0	107276110.0	106866598.0	106867897.0	-408213.0
107276111.0	107279249.0	106867899.0	106871037.0	-408212.0
107279250.0	107281145.0	106871039.0	106872934.0	-408211.0
107281146.0	107281215.0	106872936.0	106873005.0	-408210.0
107281216.0	107281251.0	106873007.0	106873042.0	-408209.0
107281252.0	107281479.0	106873044.0	106873271.0	-408208.0
107281481.0	107283382.0	106873272.0	106875173.0	-408209.0
107283383.0	107287431.0	106875175.0	106879223.0	-408208.0
107287432.0	107288874.0	106879225.0	106880667.0	-408207.0
107288875.0	107289540.0	106880685.0	106881350.0	-408190.0
