60001.0	993376.0	60001.0	993376.0	0.0
993377.0	2340150.0	993378.0	2340151.0	1.0
2340155.0	4122686.0	2340157.0	4122688.0	2.0
4122687.0	4499632.0	4122690.0	4499635.0	3.0
4499648.0	4954680.0	4499636.0	4954668.0	-12.0
4954681.0	7304089.0	4954670.0	7304078.0	-11.0
7310398.0	7310440.0	7310420.0	7310462.0	22.0
7396019.0	7396042.0	7331188.0	7331211.0	-64831.0
7396078.0	7396098.0	7331248.0	7331268.0	-64830.0
7396117.0	7396119.0	7331290.0	7331292.0	-64827.0
7396120.0	7396128.0	7331335.0	7331343.0	-64785.0
7396150.0	7396185.0	7331212.0	7331247.0	-64938.0
7396204.0	7396204.0	7331269.0	7331269.0	-64935.0
7396205.0	7396223.0	7331271.0	7331289.0	-64934.0
7396233.0	7396271.0	7331293.0	7331331.0	-64940.0
7396272.0	7396689.0	7331350.0	7331767.0	-64922.0
7396690.0	7399919.0	7331769.0	7334998.0	-64921.0
7399920.0	7400932.0	7335015.0	7336027.0	-64905.0
7400933.0	7403488.0	7336029.0	7338584.0	-64904.0
7403489.0	7404818.0	7338587.0	7339916.0	-64902.0
7404819.0	7407604.0	7339919.0	7342704.0	-64900.0
7407609.0	7412333.0	7342705.0	7347429.0	-64904.0
7412335.0	7415671.0	7347430.0	7350766.0	-64905.0
7415672.0	7416598.0	7350775.0	7351701.0	-64897.0
7416599.0	7417445.0	7351705.0	7352551.0	-64894.0
7417448.0	7417750.0	7352552.0	7352854.0	-64896.0
7417756.0	7418872.0	7352855.0	7353971.0	-64901.0
7418874.0	7420000.0	7353972.0	7355098.0	-64902.0
7420001.0	7938308.0	7355115.0	7873422.0	-64886.0
7938309.0	8023388.0	7873424.0	7958503.0	-64885.0
8023389.0	8668898.0	7958505.0	8604014.0	-64884.0
8668900.0	8672794.0	8604015.0	8607909.0	-64885.0
8672795.0	8673006.0	8607914.0	8608125.0	-64881.0
8673008.0	8673260.0	8608126.0	8608378.0	-64882.0
8673261.0	8675301.0	8608382.0	8610422.0	-64879.0
8675308.0	8678569.0	8610423.0	8613684.0	-64885.0
8678571.0	8681545.0	8613685.0	8616659.0	-64886.0
8681546.0	8683544.0	8616664.0	8618662.0	-64882.0
8683546.0	8683848.0	8618663.0	8618965.0	-64883.0
8683850.0	8686602.0	8618966.0	8621718.0	-64884.0
8686618.0	8686620.0	8621719.0	8621721.0	-64899.0
8686631.0	8686638.0	8621722.0	8621729.0	-64909.0
8686639.0	8686641.0	8621732.0	8621734.0	-64907.0
8686650.0	8686680.0	8621735.0	8621765.0	-64915.0
8686681.0	8686681.0	8621768.0	8621768.0	-64913.0
8686683.0	8686695.0	8621769.0	8621781.0	-64914.0
8737199.0	8744355.0	8627749.0	8634905.0	-109450.0
8744360.0	8749069.0	8634906.0	8639615.0	-109454.0
8749071.0	8749791.0	8639616.0	8640336.0	-109455.0
8749797.0	8751301.0	8640337.0	8641841.0	-109460.0
8751302.0	8752426.0	8641843.0	8642967.0	-109459.0
8752430.0	8754246.0	8642968.0	8644784.0	-109462.0
8754248.0	8754782.0	8644785.0	8645319.0	-109463.0
8754784.0	8757051.0	8645320.0	8647587.0	-109464.0
8757054.0	8757262.0	8647588.0	8647796.0	-109466.0
8757265.0	8757662.0	8647797.0	8648194.0	-109468.0
8757665.0	8758336.0	8648195.0	8648866.0	-109470.0
8758338.0	8758754.0	8648867.0	8649283.0	-109471.0
8758756.0	8760140.0	8649284.0	8650668.0	-109472.0
8760141.0	8762453.0	8650670.0	8652982.0	-109471.0
8762454.0	8763770.0	8653015.0	8654331.0	-109439.0
8763772.0	8765352.0	8654332.0	8655912.0	-109440.0
8765353.0	8765768.0	8655914.0	8656329.0	-109439.0
8765770.0	8765832.0	8656330.0	8656392.0	-109440.0
8765869.0	8765903.0	8656393.0	8656427.0	-109476.0
8765905.0	8765954.0	8656428.0	8656477.0	-109477.0
8765974.0	8765993.0	8656478.0	8656497.0	-109496.0
8765995.0	8766005.0	8656498.0	8656508.0	-109497.0
8766007.0	8766025.0	8656509.0	8656527.0	-109498.0
8766061.0	8768197.0	8656528.0	8658664.0	-109533.0
8768198.0	8770106.0	8658673.0	8660581.0	-109525.0
8770107.0	8770161.0	8660586.0	8660640.0	-109521.0
8770162.0	8770628.0	8660642.0	8661108.0	-109520.0
8770636.0	8773090.0	8661109.0	8663563.0	-109527.0
8773381.0	8773553.0	8663564.0	8663736.0	-109817.0
8773572.0	8775890.0	8663737.0	8666055.0	-109835.0
8775891.0	8780845.0	8666057.0	8671011.0	-109834.0
8780847.0	8787937.0	8671012.0	8678102.0	-109835.0
8788080.0	8788086.0	8678191.0	8678197.0	-109889.0
8788360.0	8788447.0	8678103.0	8678190.0	-110257.0
8788459.0	8789567.0	8678198.0	8679306.0	-110261.0
8789571.0	8790477.0	8679307.0	8680213.0	-110264.0
8790478.0	8795333.0	8680215.0	8685070.0	-110263.0
8795335.0	8795350.0	8685071.0	8685086.0	-110264.0
8795351.0	8795392.0	8685100.0	8685141.0	-110251.0
8795394.0	8795695.0	8685142.0	8685443.0	-110252.0
8795696.0	8796678.0	8685446.0	8686428.0	-110250.0
8796680.0	8797578.0	8686429.0	8687327.0	-110251.0
8797580.0	8797620.0	8687328.0	8687368.0	-110252.0
8797622.0	8798667.0	8687369.0	8688414.0	-110253.0
8798668.0	8801482.0	8688419.0	8691233.0	-110249.0
8801533.0	8801648.0	8691234.0	8691349.0	-110299.0
8801649.0	8801839.0	8691352.0	8691542.0	-110297.0
8801879.0	8801882.0	8691543.0	8691546.0	-110336.0
8801886.0	8801934.0	8691547.0	8691595.0	-110339.0
8801947.0	8803370.0	8691596.0	8693019.0	-110351.0
8803372.0	8803520.0	8693020.0	8693168.0	-110352.0
8803521.0	8805243.0	8693173.0	8694895.0	-110348.0
8805246.0	8812446.0	8694896.0	8702096.0	-110350.0
8812449.0	8814333.0	8702097.0	8703981.0	-110352.0
8814334.0	8814902.0	8703986.0	8704554.0	-110348.0
8814904.0	8816916.0	8704555.0	8706567.0	-110349.0
8816936.0	8817193.0	8706568.0	8706825.0	-110368.0
8817194.0	8817206.0	8706837.0	8706849.0	-110357.0
8817207.0	8817210.0	8706851.0	8706854.0	-110356.0
8817211.0	8817215.0	8706865.0	8706869.0	-110346.0
8817216.0	8817224.0	8706876.0	8706884.0	-110340.0
8817226.0	8817257.0	8706885.0	8706916.0	-110341.0
8817258.0	8817266.0	8706926.0	8706934.0	-110332.0
8817267.0	8817283.0	8706948.0	8706964.0	-110319.0
8817285.0	8817288.0	8706965.0	8706968.0	-110320.0
8817297.0	8817301.0	8706969.0	8706973.0	-110328.0
8817303.0	8817305.0	8706974.0	8706976.0	-110329.0
8817311.0	8817330.0	8706977.0	8706996.0	-110334.0
8817331.0	8817338.0	8707000.0	8707007.0	-110331.0
8817345.0	8817348.0	8707008.0	8707011.0	-110337.0
8817360.0	8817366.0	8707012.0	8707018.0	-110348.0
8817367.0	8817376.0	8707020.0	8707029.0	-110347.0
8817380.0	8817384.0	8707030.0	8707034.0	-110350.0
8817385.0	8817393.0	8707036.0	8707044.0	-110349.0
8817394.0	8817401.0	8707048.0	8707055.0	-110346.0
8817404.0	8817415.0	8707056.0	8707067.0	-110348.0
8817416.0	8817421.0	8707069.0	8707074.0	-110347.0
8817429.0	8817471.0	8707075.0	8707117.0	-110354.0
8817472.0	8817475.0	8707119.0	8707122.0	-110353.0
8817476.0	8817480.0	8707136.0	8707140.0	-110340.0
8817482.0	8817495.0	8707141.0	8707154.0	-110341.0
8817496.0	8817525.0	8707156.0	8707185.0	-110340.0
8817526.0	8817560.0	8707202.0	8707236.0	-110324.0
8817573.0	8817774.0	8707237.0	8707438.0	-110336.0
8817777.0	8819867.0	8707439.0	8709529.0	-110338.0
8819884.0	8820805.0	8709530.0	8710451.0	-110354.0
8820806.0	8821473.0	8710453.0	8711120.0	-110353.0
8821474.0	8823516.0	8711127.0	8713169.0	-110347.0
8823517.0	8828987.0	8713172.0	8718642.0	-110345.0
8828988.0	8830510.0	8718644.0	8720166.0	-110344.0
8830515.0	8830602.0	8720167.0	8720254.0	-110348.0
8830603.0	8830694.0	8720263.0	8720354.0	-110340.0
8830719.0	8834332.0	8720355.0	8723968.0	-110364.0
8834333.0	8834593.0	8723973.0	8724233.0	-110360.0
8834595.0	8836326.0	8724234.0	8725965.0	-110361.0
8836328.0	8842693.0	8725966.0	8732331.0	-110362.0
8842694.0	8843562.0	8732333.0	8733201.0	-110361.0
8843563.0	8844802.0	8733204.0	8734443.0	-110359.0
8844804.0	8848917.0	8734444.0	8738557.0	-110360.0
8848918.0	8850005.0	8738566.0	8739653.0	-110352.0
8850010.0	8850022.0	8739654.0	8739666.0	-110356.0
8850312.0	8851095.0	8739667.0	8740450.0	-110645.0
8851096.0	8851212.0	8747926.0	8748042.0	-103170.0
8851223.0	8851379.0	8748043.0	8748199.0	-103180.0
8851380.0	8851861.0	8748204.0	8748685.0	-103176.0
8851863.0	8854727.0	8748686.0	8751550.0	-103177.0
8854728.0	8856351.0	8744083.0	8745706.0	-110645.0
8856358.0	8856564.0	8745707.0	8745913.0	-110651.0
8856566.0	8856888.0	8745914.0	8746236.0	-110652.0
8859130.0	8859319.0	8755944.0	8756133.0	-103186.0
8859323.0	8861888.0	8756142.0	8758707.0	-103181.0
8861893.0	8863105.0	8758708.0	8759920.0	-103185.0
8863260.0	8863300.0	8752619.0	8752659.0	-110641.0
8863871.0	8864031.0	8760666.0	8760826.0	-103205.0
8864040.0	8866603.0	8760836.0	8763399.0	-103204.0
8866794.0	8866801.0	8756134.0	8756141.0	-110660.0
8870584.0	8871328.0	8759921.0	8760665.0	-110663.0
8871506.0	8871514.0	8760827.0	8760835.0	-110679.0
8874077.0	8874274.0	8763400.0	8763597.0	-110677.0
8874275.0	11526910.0	8763599.0	11416234.0	-110676.0
11526911.0	11528162.0	11416237.0	11417488.0	-110674.0
11528165.0	11528918.0	11417489.0	11418242.0	-110676.0
11528920.0	11528932.0	11418243.0	11418255.0	-110677.0
11528933.0	11530839.0	11418257.0	11420163.0	-110676.0
11530840.0	11534503.0	11420172.0	11423835.0	-110668.0
11534505.0	11535266.0	11423836.0	11424597.0	-110669.0
11535269.0	11535572.0	11424598.0	11424901.0	-110671.0
11535573.0	11535604.0	11424904.0	11424935.0	-110669.0
11535613.0	11535618.0	11424936.0	11424941.0	-110677.0
11535625.0	11535652.0	11424942.0	11424969.0	-110683.0
11535653.0	11535751.0	11424972.0	11425070.0	-110681.0
11535760.0	11535761.0	11425071.0	11425072.0	-110689.0
11535772.0	11535829.0	11425073.0	11425130.0	-110699.0
11535840.0	11535858.0	11425131.0	11425149.0	-110709.0
11535861.0	11535929.0	11425150.0	11425218.0	-110711.0
11535936.0	11535966.0	11425219.0	11425249.0	-110717.0
11535977.0	11536000.0	11425250.0	11425273.0	-110727.0
11536007.0	11536056.0	11425274.0	11425323.0	-110733.0
11536059.0	11536108.0	11425324.0	11425373.0	-110735.0
11536109.0	11536135.0	11425382.0	11425408.0	-110727.0
11536136.0	11536173.0	11425411.0	11425448.0	-110725.0
11536178.0	11536215.0	11425449.0	11425486.0	-110729.0
11536220.0	11536247.0	11425487.0	11425514.0	-110733.0
11536252.0	11536340.0	11425515.0	11425603.0	-110737.0
11536355.0	11536384.0	11425604.0	11425633.0	-110751.0
11536403.0	11536424.0	11425634.0	11425655.0	-110769.0
11536475.0	11536491.0	11425656.0	11425672.0	-110819.0
11536493.0	11542598.0	11425673.0	11431778.0	-110820.0
11542600.0	11542763.0	11431779.0	11431942.0	-110821.0
11542765.0	11545034.0	11431943.0	11434212.0	-110822.0
11545036.0	11545053.0	11434213.0	11434230.0	-110823.0
11545054.0	11545356.0	11434232.0	11434534.0	-110822.0
11545357.0	11550426.0	11434536.0	11439605.0	-110821.0
11550427.0	11551128.0	11439613.0	11440314.0	-110814.0
11551130.0	12420285.0	11440315.0	12309470.0	-110815.0
12420286.0	13991577.0	12309472.0	13880763.0	-110814.0
13991578.0	14053163.0	13880765.0	13942350.0	-110813.0
14053164.0	15138434.0	13942352.0	15027622.0	-110812.0
15138435.0	15730498.0	15027624.0	15619687.0	-110811.0
15730499.0	16268212.0	15619689.0	16157402.0	-110810.0
16268214.0	17011952.0	16157403.0	16901141.0	-110811.0
17011953.0	17283385.0	16901143.0	17172575.0	-110810.0
17283386.0	18142013.0	17172577.0	18031204.0	-110809.0
18142015.0	18897527.0	18031205.0	18786717.0	-110810.0
18897528.0	20523415.0	18786719.0	20412606.0	-110809.0
20595413.0	21299776.0	20412607.0	21116970.0	-182806.0
21299777.0	21385059.0	21116974.0	21202256.0	-182803.0
21385060.0	23632762.0	21202258.0	23449960.0	-182802.0
23647011.0	24631782.0	23464209.0	24448980.0	-182802.0
27731783.0	28478396.0	27240875.0	27987488.0	-490908.0
28478397.0	31401519.0	27987490.0	30910612.0	-490907.0
31401521.0	31420128.0	30910613.0	30929220.0	-490908.0
31420129.0	31421354.0	30929222.0	30930447.0	-490907.0
31421355.0	34182528.0	30930449.0	33691622.0	-490906.0
34182529.0	35269363.0	33691624.0	34778458.0	-490905.0
35269364.0	35638223.0	34778460.0	35147319.0	-490904.0
35638224.0	35844679.0	35147321.0	35353776.0	-490903.0
35844680.0	36214633.0	35353778.0	35723731.0	-490902.0
36214634.0	36258939.0	35723733.0	35768038.0	-490901.0
36258941.0	38070029.0	35768039.0	37579127.0	-490902.0
38070030.0	38238103.0	37579129.0	37747202.0	-490901.0
38238104.0	38238104.0	37747334.0	37747334.0	-490770.0
38238105.0	38238164.0	37747466.0	37747525.0	-490639.0
38238166.0	40388973.0	37747526.0	39898333.0	-490640.0
40389635.0	40390237.0	39899539.0	39900141.0	-490096.0
40390238.0	40391420.0	39900164.0	39901346.0	-490074.0
40391526.0	40394965.0	39901453.0	39904892.0	-490073.0
40395566.0	40396319.0	39905493.0	39906246.0	-490073.0
40404707.0	40404759.0	39898334.0	39898386.0	-506373.0
40404760.0	40405012.0	39898389.0	39898641.0	-506371.0
40405013.0	40405905.0	39898646.0	39899538.0	-506367.0
40407358.0	40407462.0	39901348.0	39901452.0	-506010.0
40410485.0	40410929.0	39904893.0	39905337.0	-505592.0
40410931.0	40411085.0	39905338.0	39905492.0	-505593.0
40412154.0	41040812.0	39906247.0	40534905.0	-505907.0
41040813.0	41123095.0	40534907.0	40617189.0	-505906.0
41123096.0	41963182.0	40617191.0	41457277.0	-505905.0
41963184.0	41970645.0	41457278.0	41464739.0	-505906.0
41970646.0	41980470.0	41464741.0	41474565.0	-505905.0
41980473.0	41981174.0	41474566.0	41475267.0	-505907.0
41981176.0	42002335.0	41475268.0	41496427.0	-505908.0
42002338.0	42007247.0	41496428.0	41501337.0	-505910.0
42007254.0	42015708.0	41501338.0	41509792.0	-505916.0
42016279.0	42016296.0	41509793.0	41509810.0	-506486.0
42016298.0	42016304.0	41509811.0	41509817.0	-506487.0
42016305.0	42016310.0	41509820.0	41509825.0	-506485.0
42016312.0	42016330.0	41509826.0	41509844.0	-506486.0
42016331.0	42016406.0	41509846.0	41509921.0	-506485.0
42016407.0	42016468.0	41509934.0	41509995.0	-506473.0
42016469.0	42021014.0	41510096.0	41514641.0	-506373.0
42021015.0	42025353.0	41514643.0	41518981.0	-506372.0
42025354.0	42026458.0	41518993.0	41520097.0	-506361.0
42026459.0	42039525.0	41520099.0	41533165.0	-506360.0
42039528.0	42053152.0	41533166.0	41546790.0	-506362.0
42053157.0	42053348.0	41546791.0	41546982.0	-506366.0
42053351.0	42057545.0	41546983.0	41551177.0	-506368.0
42057548.0	42070722.0	41551178.0	41564352.0	-506370.0
42070723.0	42071925.0	41564369.0	41565571.0	-506354.0
42071930.0	42074269.0	41565572.0	41567911.0	-506358.0
42074270.0	42077600.0	41567913.0	41571243.0	-506357.0
42077601.0	42084670.0	41571249.0	41578318.0	-506352.0
42084672.0	42096122.0	41578319.0	41589769.0	-506353.0
42096125.0	42114182.0	41589770.0	41607827.0	-506355.0
42114187.0	42115949.0	41607828.0	41609590.0	-506359.0
42115951.0	42118264.0	41609591.0	41611904.0	-506360.0
42118265.0	42118499.0	41611909.0	41612143.0	-506356.0
42118502.0	42119875.0	41612144.0	41613517.0	-506358.0
42119876.0	42122891.0	41613520.0	41616535.0	-506356.0
42122892.0	42124360.0	41616548.0	41618016.0	-506344.0
42124390.0	42129226.0	41618017.0	41622853.0	-506373.0
42129231.0	42129796.0	41622854.0	41623419.0	-506377.0
42129797.0	42132437.0	41623423.0	41626063.0	-506374.0
42132438.0	42137337.0	41626070.0	41630969.0	-506368.0
42137338.0	42138258.0	41630971.0	41631891.0	-506367.0
42138259.0	42138727.0	41631893.0	41632361.0	-506366.0
42138730.0	42150240.0	41632362.0	41643872.0	-506368.0
42150241.0	42153168.0	41646320.0	41649247.0	-503921.0
42153173.0	42157485.0	41649248.0	41653560.0	-503925.0
42157488.0	42158474.0	41653561.0	41654547.0	-503927.0
42158476.0	42183561.0	41654548.0	41679633.0	-503928.0
42183566.0	42183734.0	41679634.0	41679802.0	-503932.0
42183738.0	42183930.0	41679803.0	41679995.0	-503935.0
42183931.0	42188036.0	41680000.0	41684105.0	-503931.0
42188038.0	42189302.0	41684106.0	41685370.0	-503932.0
42189303.0	42191281.0	41685372.0	41687350.0	-503931.0
42191282.0	42193147.0	41687353.0	41689218.0	-503929.0
42193148.0	42197601.0	41689227.0	41693680.0	-503921.0
42197602.0	42202685.0	41693684.0	41698767.0	-503918.0
42202686.0	42203995.0	41698773.0	41700082.0	-503913.0
42204002.0	42224443.0	41700083.0	41720524.0	-503919.0
42224445.0	42251963.0	41720525.0	41748043.0	-503920.0
42251968.0	42252057.0	41748044.0	41748133.0	-503924.0
42252058.0	42270913.0	41748150.0	41767005.0	-503908.0
42270915.0	42273640.0	41767006.0	41769731.0	-503909.0
42273641.0	42278836.0	41769736.0	41774931.0	-503905.0
42278838.0	42279800.0	41774932.0	41775894.0	-503906.0
42279802.0	42280284.0	41775895.0	41776377.0	-503907.0
42280286.0	42283247.0	41776378.0	41779339.0	-503908.0
42283248.0	42289954.0	41779341.0	41786047.0	-503907.0
42289956.0	42293792.0	41786048.0	41789884.0	-503908.0
42293817.0	42307000.0	41789885.0	41803068.0	-503932.0
42307001.0	42307349.0	41803070.0	41803418.0	-503931.0
42307350.0	42307394.0	41803427.0	41803471.0	-503923.0
42307402.0	42307630.0	41803472.0	41803700.0	-503930.0
42307799.0	42308323.0	41803756.0	41804280.0	-504043.0
42308326.0	42309353.0	41804281.0	41805308.0	-504045.0
42309354.0	42310044.0	41805310.0	41806000.0	-504044.0
42310045.0	42310048.0	41806003.0	41806006.0	-504042.0
42310049.0	42311062.0	41806008.0	41807021.0	-504041.0
42311063.0	42317577.0	41807025.0	41813539.0	-504038.0
42317578.0	42318470.0	41813545.0	41814437.0	-504033.0
42318472.0	42319850.0	41814438.0	41815816.0	-504034.0
42319852.0	42320412.0	41815817.0	41816377.0	-504035.0
42320414.0	42321691.0	41816378.0	41817655.0	-504036.0
42321698.0	42322014.0	41817656.0	41817972.0	-504042.0
42322015.0	42323905.0	41817974.0	41819864.0	-504041.0
42323908.0	42324497.0	41819865.0	41820454.0	-504043.0
42324498.0	42326058.0	41820456.0	41822016.0	-504042.0
42326059.0	42327070.0	41822018.0	41823029.0	-504041.0
42327072.0	42329942.0	41823030.0	41825900.0	-504042.0
42329954.0	42330255.0	41825901.0	41826202.0	-504053.0
42330256.0	42330683.0	41826204.0	41826631.0	-504052.0
42330688.0	42331826.0	41826632.0	41827770.0	-504056.0
42331827.0	42336539.0	41827773.0	41832485.0	-504054.0
42336542.0	42336774.0	41832486.0	41832718.0	-504056.0
42336775.0	42338183.0	41832721.0	41834129.0	-504054.0
42338185.0	42340164.0	41834130.0	41836109.0	-504055.0
42340169.0	42340386.0	41836110.0	41836327.0	-504059.0
42340402.0	42343754.0	41836328.0	41839680.0	-504074.0
42343776.0	42345780.0	41839681.0	41841685.0	-504095.0
42345781.0	42346880.0	41841687.0	41842786.0	-504094.0
42346881.0	42347146.0	41842797.0	41843062.0	-504084.0
42347147.0	42347998.0	41843080.0	41843931.0	-504067.0
42347999.0	42350086.0	41843936.0	41846023.0	-504063.0
42350088.0	42350624.0	41846024.0	41846560.0	-504064.0
42350628.0	42350949.0	41846561.0	41846882.0	-504067.0
42350951.0	42359512.0	41846883.0	41855444.0	-504068.0
42359516.0	42363530.0	41855445.0	41859459.0	-504071.0
42363531.0	42364996.0	41859461.0	41860926.0	-504070.0
42364997.0	42366109.0	41860928.0	41862040.0	-504069.0
42366114.0	42366724.0	41862041.0	41862651.0	-504073.0
42366725.0	42367934.0	41862653.0	41863862.0	-504072.0
42367935.0	42369447.0	41863865.0	41865377.0	-504070.0
42369448.0	42370040.0	41865379.0	41865971.0	-504069.0
42370042.0	42374918.0	41865972.0	41870848.0	-504070.0
42374919.0	42379535.0	41870851.0	41875467.0	-504068.0
42379538.0	42384527.0	41875468.0	41880457.0	-504070.0
42384528.0	42385680.0	41880461.0	41881613.0	-504067.0
42385682.0	42385742.0	41881614.0	41881674.0	-504068.0
42385744.0	42386033.0	41881675.0	41881964.0	-504069.0
42386034.0	42389544.0	41881967.0	41885477.0	-504067.0
42389549.0	42398238.0	41885478.0	41894167.0	-504071.0
42398241.0	42400869.0	41894168.0	41896796.0	-504073.0
42400946.0	42404959.0	41896797.0	41900810.0	-504149.0
42404961.0	42407682.0	41900811.0	41903532.0	-504150.0
42407685.0	43865310.0	41903533.0	43361158.0	-504152.0
43865322.0	44532561.0	43361170.0	44028409.0	-504152.0
44532563.0	44842149.0	44028410.0	44337996.0	-504153.0
44842150.0	44864261.0	44337998.0	44360109.0	-504152.0
44864265.0	44864423.0	44360110.0	44360268.0	-504155.0
44864426.0	44864551.0	44360269.0	44360394.0	-504157.0
44864553.0	44869639.0	44360395.0	44365481.0	-504158.0
44869642.0	44875530.0	44365482.0	44371370.0	-504160.0
44875531.0	44877091.0	44371372.0	44372932.0	-504159.0
44877092.0	44878460.0	44372934.0	44374302.0	-504158.0
44878462.0	44883188.0	44374303.0	44379029.0	-504159.0
44883190.0	44884593.0	44379030.0	44380433.0	-504160.0
44884595.0	44886477.0	44380434.0	44382316.0	-504161.0
44886479.0	44892887.0	44382317.0	44388725.0	-504162.0
44892890.0	44893013.0	44388726.0	44388849.0	-504164.0
44893014.0	44894363.0	44388851.0	44390200.0	-504163.0
44894365.0	44898584.0	44390201.0	44394420.0	-504164.0
44898585.0	44901058.0	44394422.0	44396895.0	-504163.0
44901061.0	44902063.0	44396896.0	44397898.0	-504165.0
44902065.0	44906139.0	44397899.0	44401973.0	-504166.0
44906140.0	44907504.0	44401975.0	44403339.0	-504165.0
44907505.0	44908502.0	44403344.0	44404341.0	-504161.0
44908503.0	44908970.0	44404343.0	44404810.0	-504160.0
44908972.0	44910086.0	44404811.0	44405925.0	-504161.0
44910089.0	44911921.0	44405926.0	44407758.0	-504163.0
44911925.0	44917395.0	44407759.0	44413229.0	-504166.0
44917403.0	44917475.0	44413230.0	44413302.0	-504173.0
44917476.0	44919994.0	44413307.0	44415825.0	-504169.0
44919995.0	44921651.0	44415828.0	44417484.0	-504167.0
44921652.0	44924090.0	44417486.0	44419924.0	-504166.0
44924092.0	44927242.0	44419925.0	44423075.0	-504167.0
44927244.0	44927282.0	44423076.0	44423114.0	-504168.0
44927287.0	44931679.0	44423115.0	44427507.0	-504172.0
44931683.0	44939775.0	44427508.0	44435600.0	-504175.0
44939784.0	44946309.0	44435601.0	44442126.0	-504183.0
44946311.0	44951052.0	44442127.0	44446868.0	-504184.0
44951054.0	44951464.0	44446869.0	44447279.0	-504185.0
44951468.0	44955529.0	44447280.0	44451341.0	-504188.0
44955530.0	44959571.0	44451344.0	44455385.0	-504186.0
44959600.0	44959634.0	44455386.0	44455420.0	-504214.0
44959635.0	44963143.0	44455422.0	44458930.0	-504213.0
44963150.0	44964736.0	44458931.0	44460517.0	-504219.0
44964740.0	44970986.0	44460518.0	44466764.0	-504222.0
44970987.0	44983728.0	44466770.0	44479511.0	-504217.0
44983730.0	44987901.0	44479512.0	44483683.0	-504218.0
44987902.0	44988212.0	44483685.0	44483995.0	-504217.0
44988213.0	44990417.0	44484002.0	44486206.0	-504211.0
44990418.0	44992290.0	44486208.0	44488080.0	-504210.0
44992291.0	44992353.0	44488129.0	44488191.0	-504162.0
44992354.0	44993312.0	44488223.0	44489181.0	-504131.0
44993313.0	44993923.0	44489222.0	44489832.0	-504091.0
44993924.0	44993998.0	44489838.0	44489912.0	-504086.0
44993999.0	44994083.0	44489917.0	44490001.0	-504082.0
44994089.0	44994115.0	44490002.0	44490028.0	-504087.0
44994116.0	44994220.0	44490069.0	44490173.0	-504047.0
44994225.0	44997793.0	44490174.0	44493742.0	-504051.0
44997804.0	45000733.0	44493743.0	44496672.0	-504061.0
45000734.0	45014663.0	44496682.0	44510611.0	-504052.0
45014670.0	45016990.0	44510612.0	44512932.0	-504058.0
45016992.0	45017477.0	44512933.0	44513418.0	-504059.0
45017479.0	45017503.0	44513419.0	44513443.0	-504060.0
45017505.0	45021477.0	44513444.0	44517416.0	-504061.0
45021479.0	45022165.0	44517417.0	44518103.0	-504062.0
45022166.0	45024879.0	44518132.0	44520845.0	-504034.0
45024880.0	45025134.0	44520850.0	44521104.0	-504030.0
45025135.0	45027438.0	44521106.0	44523409.0	-504029.0
45027443.0	45031309.0	44523410.0	44527276.0	-504033.0
45031310.0	45032191.0	44527280.0	44528161.0	-504030.0
45032192.0	45032977.0	44528171.0	44528956.0	-504021.0
45032982.0	45033379.0	44528957.0	44529354.0	-504025.0
45033380.0	45034304.0	44529357.0	44530281.0	-504023.0
45034305.0	45035380.0	44530283.0	44531358.0	-504022.0
45035384.0	45036360.0	44531359.0	44532335.0	-504025.0
45036361.0	45036558.0	44532337.0	44532534.0	-504024.0
45036559.0	45036614.0	44532566.0	44532621.0	-503993.0
45036615.0	45038651.0	44532628.0	44534664.0	-503987.0
45038653.0	45040560.0	44534665.0	44536572.0	-503988.0
45040561.0	45041030.0	44536575.0	44537044.0	-503986.0
45041032.0	45048185.0	44537045.0	44544198.0	-503987.0
45048194.0	45049409.0	44544199.0	44545414.0	-503995.0
45049410.0	45049442.0	44545419.0	44545451.0	-503991.0
45049444.0	45050033.0	44545452.0	44546041.0	-503992.0
45050039.0	45050243.0	44546042.0	44546246.0	-503997.0
45050244.0	45050997.0	44546910.0	44547663.0	-503334.0
45050998.0	45051581.0	44547680.0	44548263.0	-503318.0
45051583.0	45052668.0	44548264.0	44549349.0	-503319.0
45052679.0	45054344.0	44549350.0	44551015.0	-503329.0
45054357.0	45054434.0	44551016.0	44551093.0	-503341.0
45054437.0	45054537.0	44551094.0	44551194.0	-503343.0
45054538.0	45054698.0	44551237.0	44551397.0	-503301.0
45054699.0	45054787.0	44551462.0	44551550.0	-503237.0
45054788.0	45058756.0	44551559.0	44555527.0	-503229.0
45058760.0	45058896.0	44555528.0	44555664.0	-503232.0
45058898.0	45063661.0	44555665.0	44560428.0	-503233.0
45063662.0	45067323.0	44560430.0	44564091.0	-503232.0
45067338.0	45076236.0	44564092.0	44572990.0	-503246.0
45076239.0	45081583.0	44572991.0	44578335.0	-503248.0
45081594.0	45082975.0	44578336.0	44579717.0	-503258.0
45082977.0	45090753.0	44579718.0	44587494.0	-503259.0
45090758.0	45090774.0	44587495.0	44587511.0	-503263.0
45090781.0	45090789.0	44587512.0	44587520.0	-503269.0
45090820.0	45090851.0	44587521.0	44587552.0	-503299.0
45090853.0	45090895.0	44587553.0	44587595.0	-503300.0
45090916.0	45090951.0	44587596.0	44587631.0	-503320.0
45090956.0	45090991.0	44587632.0	44587667.0	-503324.0
45090992.0	45100647.0	44587670.0	44597325.0	-503322.0
45100648.0	45100700.0	44597328.0	44597380.0	-503320.0
45100701.0	45101088.0	44597385.0	44597772.0	-503316.0
45101089.0	45106239.0	44597774.0	44602924.0	-503315.0
45106243.0	45107275.0	44602925.0	44603957.0	-503318.0
45107276.0	45110287.0	44603959.0	44606970.0	-503317.0
45110289.0	45113631.0	44606971.0	44610313.0	-503318.0
45113632.0	45120021.0	44610322.0	44616711.0	-503310.0
45120023.0	45122307.0	44616712.0	44618996.0	-503311.0
45122308.0	45123683.0	44618998.0	44620373.0	-503310.0
45123684.0	45124598.0	44620386.0	44621300.0	-503298.0
45124599.0	45131259.0	44621302.0	44627962.0	-503297.0
45131261.0	45132950.0	44627963.0	44629652.0	-503298.0
45132953.0	45134405.0	44629653.0	44631105.0	-503300.0
45134407.0	45136144.0	44631106.0	44632843.0	-503301.0
45136145.0	45147518.0	44632845.0	44644218.0	-503300.0
45147519.0	45147576.0	44644220.0	44644277.0	-503299.0
45147578.0	45148035.0	44644278.0	44644735.0	-503300.0
45148037.0	45148054.0	44644736.0	44644753.0	-503301.0
45148056.0	45148369.0	44644754.0	44645067.0	-503302.0
45148377.0	45148514.0	44645068.0	44645205.0	-503309.0
45148515.0	45148714.0	44645246.0	44645445.0	-503269.0
45148717.0	45149886.0	44645446.0	44646615.0	-503271.0
45149888.0	45150117.0	44646616.0	44646845.0	-503272.0
45150119.0	45150219.0	44646846.0	44646946.0	-503273.0
45150221.0	45150407.0	44646947.0	44647133.0	-503274.0
45150408.0	45150410.0	44647137.0	44647139.0	-503271.0
45150412.0	45155159.0	44647140.0	44651887.0	-503272.0
45155160.0	45157113.0	44651890.0	44653843.0	-503270.0
45157114.0	45157396.0	44653845.0	44654127.0	-503269.0
45157397.0	45159154.0	44654130.0	44655887.0	-503267.0
45159156.0	45163440.0	44655888.0	44660172.0	-503268.0
45163441.0	45168927.0	44660174.0	44665660.0	-503267.0
45168929.0	45169909.0	44665661.0	44666641.0	-503268.0
45169911.0	45170573.0	44666642.0	44667304.0	-503269.0
45170574.0	45171280.0	44667306.0	44668012.0	-503268.0
45171285.0	45195070.0	44668013.0	44691798.0	-503272.0
45195071.0	45208031.0	44691801.0	44704761.0	-503270.0
45208032.0	45208571.0	44704763.0	44705302.0	-503269.0
45208573.0	45209582.0	44705303.0	44706312.0	-503270.0
45209585.0	45214289.0	44706313.0	44711017.0	-503272.0
45214290.0	45215667.0	44711019.0	44712396.0	-503271.0
45215668.0	45216039.0	44712399.0	44712770.0	-503269.0
45216040.0	45217385.0	44712772.0	44714117.0	-503268.0
45217387.0	45219608.0	44714118.0	44716339.0	-503269.0
45219609.0	45219772.0	44716342.0	44716505.0	-503267.0
45219781.0	45219936.0	44716506.0	44716661.0	-503275.0
45219937.0	45220593.0	44716663.0	44717319.0	-503274.0
45220596.0	45220841.0	44717320.0	44717565.0	-503276.0
45220842.0	45221154.0	44717567.0	44717879.0	-503275.0
45221155.0	45223211.0	44717883.0	44719939.0	-503272.0
45223222.0	45223269.0	44719940.0	44719987.0	-503282.0
45223272.0	45223310.0	44719988.0	44720026.0	-503284.0
45223311.0	45224664.0	44720048.0	44721401.0	-503263.0
45224666.0	45224681.0	44721402.0	44721417.0	-503264.0
45224683.0	45224701.0	44721418.0	44721436.0	-503265.0
45224702.0	45229389.0	44721438.0	44726125.0	-503264.0
45229390.0	45230032.0	44726127.0	44726769.0	-503263.0
45230033.0	45231076.0	44726771.0	44727814.0	-503262.0
45231081.0	45233271.0	44727815.0	44730005.0	-503266.0
45233273.0	45233647.0	44730006.0	44730380.0	-503267.0
45233649.0	45233949.0	44730381.0	44730681.0	-503268.0
45233950.0	45233955.0	44730696.0	44730701.0	-503254.0
45233956.0	45234255.0	44730706.0	44731005.0	-503250.0
45234276.0	45235021.0	44731006.0	44731751.0	-503270.0
45235022.0	45236675.0	44731762.0	44733415.0	-503260.0
45236676.0	45240082.0	44733420.0	44736826.0	-503256.0
45240084.0	45487905.0	44736827.0	44984648.0	-503257.0
45487907.0	46622155.0	44984649.0	46118897.0	-503258.0
46622156.0	47531464.0	46118899.0	47028207.0	-503257.0
47531466.0	47561816.0	47028208.0	47058558.0	-503258.0
47561817.0	51315486.0	47058560.0	50812229.0	-503257.0
51315487.0	51539349.0	50812231.0	51036093.0	-503256.0
51539351.0	51676684.0	51036094.0	51173427.0	-503257.0
51676685.0	51733658.0	51173429.0	51230402.0	-503256.0
51733659.0	51753992.0	51230404.0	51250737.0	-503255.0
51753993.0	52041469.0	51250739.0	51538215.0	-503254.0
52041470.0	53952888.0	51538217.0	53449635.0	-503253.0
53952890.0	54576683.0	53449636.0	54073429.0	-503254.0
54576684.0	54579598.0	54073432.0	54076346.0	-503252.0
54579615.0	54581468.0	54076347.0	54078200.0	-503268.0
54581469.0	54582377.0	54078204.0	54079112.0	-503265.0
54582378.0	54582547.0	54079114.0	54079283.0	-503264.0
54582549.0	54583301.0	54079284.0	54080036.0	-503265.0
54583310.0	54583448.0	54080037.0	54080175.0	-503273.0
54583453.0	54583764.0	54080176.0	54080487.0	-503277.0
54583765.0	54585258.0	54080496.0	54081989.0	-503269.0
54585261.0	54586107.0	54081990.0	54082836.0	-503271.0
54586110.0	54590059.0	54082837.0	54086786.0	-503273.0
54590064.0	54590179.0	54086787.0	54086902.0	-503277.0
54590180.0	54591020.0	54086910.0	54087750.0	-503270.0
54591024.0	54591486.0	54087751.0	54088213.0	-503273.0
54591488.0	54591649.0	54088214.0	54088375.0	-503274.0
54591650.0	54592638.0	54088381.0	54089369.0	-503269.0
54592639.0	54592734.0	54089381.0	54089476.0	-503258.0
54592737.0	54593214.0	54089477.0	54089954.0	-503260.0
54593225.0	54593501.0	54089955.0	54090231.0	-503270.0
54593505.0	54595214.0	54090232.0	54091941.0	-503273.0
54595215.0	54595367.0	54091944.0	54092096.0	-503271.0
54595368.0	54596700.0	54092103.0	54093435.0	-503265.0
54596702.0	54597347.0	54093436.0	54094081.0	-503266.0
54597348.0	54599726.0	54094083.0	54096461.0	-503265.0
54599727.0	54599750.0	54096464.0	54096487.0	-503263.0
54599753.0	54599982.0	54096488.0	54096717.0	-503265.0
54600005.0	54600896.0	54096718.0	54097609.0	-503287.0
54600897.0	54601056.0	54097613.0	54097772.0	-503284.0
54601057.0	54602342.0	54097774.0	54099059.0	-503283.0
54602348.0	54602541.0	54099060.0	54099253.0	-503288.0
54602545.0	54604408.0	54099254.0	54101117.0	-503291.0
54604409.0	54604647.0	54101122.0	54101360.0	-503287.0
54604648.0	54604839.0	54101365.0	54101556.0	-503283.0
54604864.0	54605307.0	54101557.0	54102000.0	-503307.0
54605309.0	54608592.0	54102001.0	54105284.0	-503308.0
54608593.0	54613110.0	54105286.0	54109803.0	-503307.0
54613187.0	54615083.0	54109804.0	54111700.0	-503383.0
54615084.0	54615650.0	54111702.0	54112268.0	-503382.0
54615651.0	54616501.0	54112270.0	54113120.0	-503381.0
54616502.0	54624698.0	54113122.0	54121318.0	-503380.0
54624699.0	54628893.0	54121320.0	54125514.0	-503379.0
54628894.0	54633713.0	54125519.0	54130338.0	-503375.0
54633770.0	54636265.0	54130339.0	54132834.0	-503431.0
54636266.0	54637247.0	54132839.0	54133820.0	-503427.0
54637298.0	54637312.0	54133873.0	54133887.0	-503425.0
54637320.0	54637349.0	54133894.0	54133923.0	-503426.0
54637379.0	54637419.0	54133942.0	54133982.0	-503437.0
54637543.0	54637594.0	54133821.0	54133872.0	-503722.0
54637612.0	54637617.0	54133888.0	54133893.0	-503724.0
54637644.0	54637661.0	54133924.0	54133941.0	-503720.0
54637700.0	54637700.0	54133983.0	54133983.0	-503717.0
54637720.0	54637745.0	54133984.0	54134009.0	-503736.0
54637746.0	54637773.0	54134012.0	54134039.0	-503734.0
54637774.0	54639384.0	54134056.0	54135666.0	-503718.0
54639385.0	54640138.0	54135668.0	54136421.0	-503717.0
54640139.0	54646149.0	54136423.0	54142433.0	-503716.0
54646170.0	54650759.0	54142434.0	54147023.0	-503736.0
54650760.0	54653597.0	54147025.0	54149862.0	-503735.0
54653600.0	54658587.0	54149863.0	54154850.0	-503737.0
54658589.0	54663896.0	54154851.0	54160158.0	-503738.0
54663897.0	54665053.0	54160160.0	54161316.0	-503737.0
54665054.0	54666118.0	54161318.0	54162382.0	-503736.0
54666119.0	54667041.0	54162386.0	54163308.0	-503733.0
54667042.0	54667709.0	54163310.0	54163977.0	-503732.0
54667712.0	54670057.0	54163978.0	54166323.0	-503734.0
54670058.0	54670679.0	54166331.0	54166952.0	-503727.0
54670680.0	54672510.0	54166954.0	54168784.0	-503726.0
54672515.0	54672528.0	54168785.0	54168798.0	-503730.0
54672532.0	54672540.0	54168799.0	54168807.0	-503733.0
54672541.0	54672627.0	54168809.0	54168895.0	-503732.0
54672631.0	54672642.0	54168896.0	54168907.0	-503735.0
54672653.0	54672712.0	54168908.0	54168967.0	-503745.0
54672713.0	54672753.0	54168970.0	54169010.0	-503743.0
54672754.0	54672776.0	54169017.0	54169039.0	-503737.0
54672778.0	54674349.0	54169040.0	54170611.0	-503738.0
54674350.0	54674849.0	54170617.0	54171116.0	-503733.0
54674886.0	54676070.0	54171117.0	54172301.0	-503769.0
54676071.0	54676072.0	54172305.0	54172306.0	-503766.0
54676073.0	54676814.0	54172378.0	54173119.0	-503695.0
54676815.0	54680845.0	54173121.0	54177151.0	-503694.0
54680864.0	54681612.0	54177152.0	54177900.0	-503712.0
54681618.0	54685554.0	54177901.0	54181837.0	-503717.0
54685555.0	54685626.0	54181842.0	54181913.0	-503713.0
54685631.0	54685706.0	54181914.0	54181989.0	-503717.0
54685714.0	54685770.0	54182001.0	54182057.0	-503713.0
54685875.0	54685885.0	54181990.0	54182000.0	-503885.0
54685939.0	54686395.0	54182058.0	54182514.0	-503881.0
54686397.0	54686886.0	54182515.0	54183004.0	-503882.0
54686888.0	54688041.0	54183005.0	54184158.0	-503883.0
54688042.0	54688084.0	54184163.0	54184205.0	-503879.0
54688086.0	54688802.0	54184206.0	54184922.0	-503880.0
54688807.0	54689869.0	54184923.0	54185985.0	-503884.0
54689870.0	54690820.0	54185987.0	54186937.0	-503883.0
54690821.0	54691918.0	54186939.0	54188036.0	-503882.0
54691919.0	54691924.0	54188063.0	54188068.0	-503856.0
54691925.0	54692898.0	54188071.0	54189044.0	-503854.0
54692899.0	54696306.0	54189048.0	54192455.0	-503851.0
54696307.0	54696870.0	54192457.0	54193020.0	-503850.0
54696876.0	54698196.0	54193021.0	54194341.0	-503855.0
54698200.0	54699252.0	54194342.0	54195394.0	-503858.0
54699258.0	54699829.0	54195395.0	54195966.0	-503863.0
54699831.0	54701592.0	54195967.0	54197728.0	-503864.0
54701594.0	54702365.0	54197729.0	54198500.0	-503865.0
54702368.0	54704324.0	54198501.0	54200457.0	-503867.0
54704326.0	54714657.0	54200458.0	54210789.0	-503868.0
54714659.0	54723892.0	54210790.0	54220023.0	-503869.0
54723894.0	54724820.0	54220024.0	54220950.0	-503870.0
54724823.0	54729568.0	54220951.0	54225696.0	-503872.0
54729569.0	54729958.0	54225698.0	54226087.0	-503871.0
54729961.0	54731376.0	54226088.0	54227503.0	-503873.0
54731378.0	54732744.0	54227504.0	54228870.0	-503874.0
54732746.0	54734879.0	54228871.0	54231004.0	-503875.0
54734881.0	54746301.0	54231005.0	54242425.0	-503876.0
54746302.0	54746322.0	54242450.0	54242470.0	-503852.0
54746324.0	54746329.0	54242471.0	54242476.0	-503853.0
54746330.0	54746456.0	54242478.0	54242604.0	-503852.0
54746457.0	54747185.0	54242608.0	54243336.0	-503849.0
54747186.0	54747517.0	54243340.0	54243671.0	-503846.0
54747518.0	54747835.0	54243680.0	54243997.0	-503838.0
54747839.0	54748854.0	54243998.0	54245013.0	-503841.0
54748866.0	54749433.0	54245014.0	54245581.0	-503852.0
54749435.0	54749688.0	54245582.0	54245835.0	-503853.0
54749689.0	54750261.0	54245837.0	54246409.0	-503852.0
54750269.0	54752882.0	54246410.0	54249023.0	-503859.0
54752883.0	54753867.0	54249025.0	54250009.0	-503858.0
54753869.0	54753916.0	54250010.0	54250057.0	-503859.0
54753922.0	54754842.0	54250058.0	54250978.0	-503864.0
54754843.0	54762128.0	54250980.0	54258265.0	-503863.0
54762129.0	54763156.0	54258280.0	54259307.0	-503849.0
54763157.0	54766358.0	54259309.0	54262510.0	-503848.0
54766361.0	54766438.0	54262511.0	54262588.0	-503850.0
54766453.0	54766724.0	54262589.0	54262860.0	-503864.0
54766725.0	54766819.0	54262863.0	54262957.0	-503862.0
54766820.0	54767096.0	54262972.0	54263248.0	-503848.0
54767099.0	54767214.0	54263249.0	54263364.0	-503850.0
54767215.0	54767362.0	54263367.0	54263514.0	-503848.0
54767367.0	54767620.0	54263515.0	54263768.0	-503852.0
54767623.0	54782565.0	54263769.0	54278711.0	-503854.0
54782567.0	54786922.0	54278712.0	54283067.0	-503855.0
54786923.0	54793366.0	54283069.0	54289512.0	-503854.0
54793368.0	54794340.0	54289513.0	54290485.0	-503855.0
54794341.0	54799692.0	54290488.0	54295839.0	-503853.0
54799693.0	54800810.0	54295841.0	54296958.0	-503852.0
54800811.0	54800856.0	54296960.0	54297005.0	-503851.0
54807621.0	54808259.0	54297011.0	54297649.0	-510610.0
54808260.0	54810608.0	54297651.0	54299999.0	-510609.0
54810609.0	54810632.0	54300038.0	54300061.0	-510571.0
54810633.0	54810672.0	54300063.0	54300102.0	-510570.0
54810691.0	54810834.0	54300123.0	54300266.0	-510568.0
54811391.0	54811409.0	54300104.0	54300122.0	-511287.0
54811556.0	54813440.0	54300267.0	54302151.0	-511289.0
54813441.0	54813728.0	54302165.0	54302452.0	-511276.0
54813729.0	54816087.0	54302454.0	54304812.0	-511275.0
54816100.0	54816160.0	54304813.0	54304873.0	-511287.0
54816161.0	54818549.0	54304878.0	54307266.0	-511283.0
54818552.0	54819638.0	54307267.0	54308353.0	-511285.0
54819639.0	54820796.0	54308372.0	54309529.0	-511267.0
54820801.0	54822243.0	54309530.0	54310972.0	-511271.0
54822244.0	54824548.0	54310974.0	54313278.0	-511270.0
54824549.0	54824807.0	54313282.0	54313540.0	-511267.0
54824812.0	54829942.0	54313541.0	54318671.0	-511271.0
54829944.0	54843568.0	54318672.0	54332296.0	-511272.0
54843569.0	54850920.0	54332298.0	54339649.0	-511271.0
54850921.0	54852039.0	54339651.0	54340769.0	-511270.0
54852041.0	54852276.0	54340770.0	54341005.0	-511271.0
54852278.0	54852514.0	54341006.0	54341242.0	-511272.0
54852515.0	54854927.0	54341244.0	54343656.0	-511271.0
54854931.0	54855172.0	54343657.0	54343898.0	-511274.0
54855173.0	54856233.0	54343903.0	54344963.0	-511270.0
54856801.0	54859937.0	54344964.0	54348100.0	-511837.0
54859938.0	54860287.0	54348102.0	54348451.0	-511836.0
54860288.0	54860301.0	54348453.0	54348466.0	-511835.0
54860302.0	54860963.0	54348469.0	54349130.0	-511833.0
54860964.0	54861117.0	54349195.0	54349348.0	-511769.0
54861118.0	54861427.0	54349379.0	54349688.0	-511739.0
54861428.0	54861469.0	54349745.0	54349786.0	-511683.0
54861470.0	54862372.0	54349847.0	54350749.0	-511623.0
54862373.0	54863392.0	54350766.0	54351785.0	-511607.0
54863395.0	54863487.0	54351786.0	54351878.0	-511609.0
54863489.0	54864785.0	54351879.0	54353175.0	-511610.0
54864786.0	54870018.0	54353177.0	54358409.0	-511609.0
54870019.0	54872357.0	54358412.0	54360750.0	-511607.0
54872358.0	54872403.0	54360752.0	54360797.0	-511606.0
54872405.0	54888982.0	54360798.0	54377375.0	-511607.0
54888983.0	54906640.0	54377379.0	54395036.0	-511604.0
54906642.0	54912823.0	54395037.0	54401218.0	-511605.0
54912824.0	54916582.0	54401220.0	54404978.0	-511604.0
54916584.0	54917348.0	54404979.0	54405743.0	-511605.0
54917353.0	54917635.0	54405744.0	54406026.0	-511609.0
54917640.0	54920283.0	54406027.0	54408670.0	-511613.0
54920324.0	54920347.0	54408671.0	54408694.0	-511653.0
54920371.0	54923173.0	54408695.0	54411497.0	-511676.0
54923174.0	54925177.0	54411514.0	54413517.0	-511660.0
54925178.0	54925234.0	54414023.0	54414079.0	-511155.0
54925239.0	54925244.0	54414080.0	54414085.0	-511159.0
54925260.0	54934125.0	54414086.0	54422951.0	-511174.0
54934129.0	54934338.0	54422952.0	54423161.0	-511177.0
54934340.0	54936902.0	54423162.0	54425724.0	-511178.0
54936903.0	54938432.0	54425726.0	54427255.0	-511177.0
54938433.0	54938497.0	54427258.0	54427322.0	-511175.0
54938498.0	54938797.0	54427324.0	54427623.0	-511174.0
54938801.0	54939283.0	54427624.0	54428106.0	-511177.0
54939285.0	54944754.0	54428107.0	54433576.0	-511178.0
54944756.0	54944903.0	54433577.0	54433724.0	-511179.0
54944905.0	54948218.0	54433725.0	54437038.0	-511180.0
54948221.0	54955046.0	54437039.0	54443864.0	-511182.0
54955050.0	54955688.0	54443865.0	54444503.0	-511185.0
54955689.0	54955890.0	54444508.0	54444709.0	-511181.0
54955891.0	54961816.0	54444713.0	54450638.0	-511178.0
54961817.0	54963817.0	54450640.0	54452640.0	-511177.0
54963820.0	54971772.0	54452641.0	54460593.0	-511179.0
54971774.0	54973992.0	54460594.0	54462812.0	-511180.0
54973996.0	54975219.0	54462813.0	54464036.0	-511183.0
54975221.0	54977875.0	54464037.0	54466691.0	-511184.0
54977877.0	54978134.0	54466692.0	54466949.0	-511185.0
54978138.0	54978484.0	54466950.0	54467296.0	-511188.0
54978487.0	54978774.0	54467297.0	54467584.0	-511190.0
54978776.0	54979567.0	54467585.0	54468376.0	-511191.0
54979568.0	54979920.0	54468379.0	54468731.0	-511189.0
54979921.0	54980102.0	54468733.0	54468914.0	-511188.0
54980119.0	54980138.0	54468915.0	54468934.0	-511204.0
54980155.0	54980608.0	54468935.0	54469388.0	-511220.0
54980610.0	54983165.0	54469389.0	54471944.0	-511221.0
54983166.0	54983244.0	54472019.0	54472097.0	-511147.0
54983245.0	54983318.0	54472099.0	54472172.0	-511146.0
54983319.0	54984010.0	54472174.0	54472865.0	-511145.0
54984012.0	54984027.0	54472866.0	54472881.0	-511146.0
54984029.0	54985218.0	54472882.0	54474071.0	-511147.0
54985220.0	54985539.0	54474072.0	54474391.0	-511148.0
54985546.0	54986575.0	54474392.0	54475421.0	-511154.0
54986579.0	54988388.0	54475422.0	54477231.0	-511157.0
54988389.0	54989857.0	54477233.0	54478701.0	-511156.0
54989860.0	54990477.0	54478702.0	54479319.0	-511158.0
54990478.0	54992207.0	54479324.0	54481053.0	-511154.0
54992209.0	54993097.0	54481054.0	54481942.0	-511155.0
54993099.0	54994004.0	54481943.0	54482848.0	-511156.0
54994025.0	54994455.0	54482849.0	54483279.0	-511176.0
54994456.0	54998819.0	54483282.0	54487645.0	-511174.0
54998820.0	54999301.0	54487648.0	54488129.0	-511172.0
54999302.0	55001696.0	54488144.0	54490538.0	-511158.0
55001763.0	55001893.0	54490539.0	54490669.0	-511224.0
55001894.0	55001948.0	54490671.0	54490725.0	-511223.0
55001951.0	55002272.0	54490726.0	54491047.0	-511225.0
55002273.0	55002313.0	54491064.0	54491104.0	-511209.0
55002324.0	55003193.0	54491105.0	54491974.0	-511219.0
55003196.0	55010116.0	54491975.0	54498895.0	-511221.0
55010117.0	55012455.0	54498897.0	54501235.0	-511220.0
55012456.0	55018491.0	54501240.0	54507275.0	-511216.0
55018492.0	55019535.0	54507277.0	54508320.0	-511215.0
55019536.0	55023308.0	54508326.0	54512098.0	-511210.0
55023309.0	55024884.0	54512101.0	54513676.0	-511208.0
55024885.0	55025778.0	54513681.0	54514574.0	-511204.0
55025779.0	55027957.0	54514595.0	54516773.0	-511184.0
55027958.0	55028547.0	54516776.0	54517365.0	-511182.0
55028549.0	55035058.0	54517366.0	54523875.0	-511183.0
55035059.0	55037641.0	54523878.0	54526460.0	-511181.0
55037642.0	55038276.0	54526462.0	54527096.0	-511180.0
55038314.0	55044234.0	54527097.0	54533017.0	-511217.0
55044237.0	55049049.0	54533018.0	54537830.0	-511219.0
55049050.0	55049088.0	54537833.0	54537871.0	-511217.0
55049089.0	55049597.0	54537880.0	54538388.0	-511209.0
55049598.0	55050493.0	54538390.0	54539285.0	-511208.0
55050495.0	55050789.0	54539286.0	54539580.0	-511209.0
55050790.0	55053965.0	54539582.0	54542757.0	-511208.0
55053967.0	55056505.0	54542758.0	54545296.0	-511209.0
55056509.0	55056574.0	54545297.0	54545362.0	-511212.0
55056575.0	55056577.0	54545366.0	54545368.0	-511209.0
55056582.0	55056639.0	54545369.0	54545426.0	-511213.0
55056710.0	55057022.0	54545427.0	54545739.0	-511283.0
55057023.0	55058499.0	54545741.0	54547217.0	-511282.0
55058500.0	55059864.0	54547219.0	54548583.0	-511281.0
55059870.0	55061981.0	54548584.0	54550695.0	-511286.0
55061982.0	55063942.0	54550699.0	54552659.0	-511283.0
55063943.0	55064006.0	54552662.0	54552725.0	-511281.0
55064066.0	55064078.0	54552791.0	54552803.0	-511275.0
55064122.0	55064125.0	54552835.0	54552838.0	-511287.0
55064187.0	55064251.0	54552726.0	54552790.0	-511461.0
55064267.0	55064297.0	54552804.0	54552834.0	-511463.0
55064300.0	55064895.0	54552839.0	54553434.0	-511461.0
55064896.0	55072062.0	54553438.0	54560604.0	-511458.0
55072063.0	55079181.0	54560616.0	54567734.0	-511447.0
55079202.0	55100683.0	54567735.0	54589216.0	-511467.0
55100684.0	55119068.0	54589219.0	54607603.0	-511465.0
55119071.0	55121802.0	54607604.0	54610335.0	-511467.0
55121803.0	55125014.0	54610337.0	54613548.0	-511466.0
55125015.0	55129007.0	54613561.0	54617553.0	-511454.0
55129014.0	55129569.0	54617554.0	54618109.0	-511460.0
55129570.0	55129615.0	54618117.0	54618162.0	-511453.0
55129616.0	55131406.0	54618164.0	54619954.0	-511452.0
55131408.0	55132712.0	54619955.0	54621259.0	-511453.0
55132717.0	55132992.0	54621260.0	54621535.0	-511457.0
55132993.0	55136470.0	54621538.0	54625015.0	-511455.0
55136471.0	55138063.0	54625019.0	54626611.0	-511452.0
55138064.0	55157289.0	54626613.0	54645838.0	-511451.0
55157290.0	55162066.0	54645841.0	54650617.0	-511449.0
55162068.0	55168449.0	54650618.0	54656999.0	-511450.0
55168451.0	55174108.0	54657000.0	54662657.0	-511451.0
55174110.0	55174895.0	54662658.0	54663443.0	-511452.0
55174902.0	55175596.0	54663444.0	54664138.0	-511458.0
55175597.0	55184613.0	54664146.0	54673162.0	-511451.0
55184614.0	55186609.0	54673165.0	54675160.0	-511449.0
55186631.0	55186903.0	54675161.0	54675433.0	-511470.0
55186921.0	55187254.0	54675434.0	54675767.0	-511487.0
55187255.0	55188005.0	54675769.0	54676519.0	-511486.0
55188007.0	55190169.0	54676520.0	54678682.0	-511487.0
55190174.0	55191958.0	54678683.0	54680467.0	-511491.0
55191959.0	55192121.0	54680469.0	54680631.0	-511490.0
55192122.0	55193401.0	54680866.0	54682145.0	-511256.0
55193403.0	55194242.0	54682146.0	54682985.0	-511257.0
55194276.0	55194436.0	54682986.0	54683146.0	-511290.0
55194440.0	55195424.0	54683147.0	54684131.0	-511293.0
55195426.0	55197086.0	54684132.0	54685792.0	-511294.0
55197088.0	55197616.0	54685793.0	54686321.0	-511295.0
55197618.0	55199371.0	54686322.0	54688075.0	-511296.0
55199386.0	55202337.0	54688076.0	54691027.0	-511310.0
55202338.0	55203705.0	54691031.0	54692398.0	-511307.0
55203706.0	55204100.0	54692400.0	54692794.0	-511306.0
55204181.0	55204325.0	54692878.0	54693022.0	-511303.0
55204554.0	55204636.0	54692795.0	54692877.0	-511759.0
55204788.0	55206656.0	54693023.0	54694891.0	-511765.0
55206657.0	55207442.0	54694893.0	54695678.0	-511764.0
55207458.0	55209860.0	54695679.0	54698081.0	-511779.0
55209862.0	55212255.0	54698082.0	54700475.0	-511780.0
55212256.0	55213920.0	54700478.0	54702142.0	-511778.0
55213921.0	55214498.0	54702144.0	54702721.0	-511777.0
55214500.0	55216436.0	54702722.0	54704658.0	-511778.0
55216437.0	55218638.0	54704660.0	54706861.0	-511777.0
55218645.0	55219014.0	54706862.0	54707231.0	-511783.0
55219016.0	55221804.0	54707232.0	54710020.0	-511784.0
55221805.0	55224062.0	54710023.0	54712280.0	-511782.0
55224063.0	55224067.0	54712282.0	54712286.0	-511781.0
55224068.0	55224084.0	54712296.0	54712312.0	-511772.0
55224085.0	55224087.0	54712315.0	54712317.0	-511770.0
55224091.0	55224108.0	54712318.0	54712335.0	-511773.0
55224123.0	55224135.0	54712336.0	54712348.0	-511787.0
55224137.0	55224149.0	54712349.0	54712361.0	-511788.0
55224150.0	55224172.0	54712368.0	54712390.0	-511782.0
55224173.0	55226146.0	54712671.0	54714644.0	-511502.0
55226148.0	55227121.0	54714645.0	54715618.0	-511503.0
55227122.0	55227283.0	54715622.0	54715783.0	-511500.0
55227284.0	55235185.0	54715785.0	54723686.0	-511499.0
55235192.0	55236641.0	54723687.0	54725136.0	-511505.0
55236642.0	55243735.0	54725176.0	54732269.0	-511466.0
55243737.0	55243903.0	54732270.0	54732436.0	-511467.0
55243904.0	55245635.0	54732438.0	54734169.0	-511466.0
55245637.0	55248689.0	54734170.0	54737222.0	-511467.0
55248690.0	55250375.0	54737225.0	54738910.0	-511465.0
55250376.0	55254155.0	54738930.0	54742709.0	-511446.0
55254158.0	55256405.0	54742710.0	54744957.0	-511448.0
55256410.0	55307034.0	54744958.0	54795582.0	-511452.0
55307036.0	55309862.0	54795583.0	54798409.0	-511453.0
55309865.0	55380511.0	54798410.0	54869056.0	-511455.0
55380513.0	55393357.0	54869057.0	54881901.0	-511456.0
55393358.0	55393844.0	54881934.0	54882420.0	-511424.0
55393845.0	55396216.0	54882434.0	54884805.0	-511411.0
55396218.0	55397674.0	54884806.0	54886262.0	-511412.0
55397676.0	55397712.0	54886263.0	54886299.0	-511413.0
55397713.0	55398420.0	54886302.0	54887009.0	-511411.0
55398421.0	55400738.0	54887054.0	54889371.0	-511367.0
55400739.0	55405447.0	54889373.0	54894081.0	-511366.0
55405448.0	55409455.0	54894084.0	54898091.0	-511364.0
55409456.0	55412483.0	54898096.0	54901123.0	-511360.0
55412491.0	55412727.0	54901124.0	54901360.0	-511367.0
55412728.0	55415485.0	54901368.0	54904125.0	-511360.0
55415486.0	55418823.0	54904128.0	54907465.0	-511358.0
55418826.0	55418845.0	54907466.0	54907485.0	-511360.0
55418846.0	55420012.0	54907487.0	54908653.0	-511359.0
55420014.0	55420360.0	54908654.0	54909000.0	-511360.0
55420361.0	55421293.0	54909002.0	54909934.0	-511359.0
55421295.0	55422766.0	54909935.0	54911406.0	-511360.0
55422775.0	55927567.0	54911407.0	55416199.0	-511368.0
55927568.0	56052340.0	55416201.0	55540973.0	-511367.0
56052341.0	56599451.0	55540975.0	56088085.0	-511366.0
56599455.0	57087303.0	56088086.0	56575934.0	-511369.0
57087304.0	58588290.0	56575936.0	58076922.0	-511368.0
58588291.0	58718361.0	58076924.0	58206994.0	-511367.0
58718362.0	58874452.0	58206996.0	58363086.0	-511366.0
58874454.0	59118983.0	58363087.0	58607616.0	-511367.0
