10001.0	776114.0	10001.0	776114.0	0.0
776115.0	781473.0	776118.0	781476.0	3.0
781481.0	786228.0	781477.0	786224.0	-4.0
786235.0	793166.0	786225.0	793156.0	-10.0
793171.0	795668.0	793157.0	795654.0	-14.0
795669.0	796633.0	795657.0	796621.0	-12.0
796634.0	797203.0	796623.0	797192.0	-11.0
797204.0	799806.0	797195.0	799797.0	-9.0
799807.0	807854.0	799799.0	807846.0	-8.0
807858.0	809338.0	807847.0	809327.0	-11.0
809346.0	809974.0	813478.0	814106.0	4132.0
809980.0	814800.0	814107.0	818927.0	4127.0
814801.0	816284.0	818929.0	820412.0	4128.0
816291.0	816293.0	820413.0	820415.0	4122.0
816294.0	816301.0	820419.0	820426.0	4125.0
816303.0	816353.0	820427.0	820477.0	4124.0
816383.0	816561.0	820478.0	820656.0	4095.0
816563.0	816594.0	820657.0	820688.0	4094.0
816595.0	816635.0	820690.0	820730.0	4095.0
816702.0	818341.0	820731.0	822370.0	4029.0
818342.0	820314.0	822375.0	824347.0	4033.0
820316.0	820864.0	824348.0	824896.0	4032.0
820866.0	823116.0	824897.0	827147.0	4031.0
823119.0	828120.0	827148.0	832149.0	4029.0
828121.0	831610.0	832152.0	835641.0	4031.0
831611.0	833575.0	835663.0	837627.0	4052.0
833576.0	833757.0	837636.0	837817.0	4060.0
833758.0	836210.0	837819.0	840271.0	4061.0
836211.0	836612.0	840274.0	840675.0	4063.0
836613.0	836672.0	840677.0	840736.0	4064.0
836678.0	838322.0	840737.0	842381.0	4059.0
838324.0	842851.0	842382.0	846909.0	4058.0
842875.0	842881.0	846910.0	846916.0	4035.0
842889.0	843301.0	846917.0	847329.0	4028.0
843302.0	843305.0	847332.0	847335.0	4030.0
843306.0	843359.0	847338.0	847391.0	4032.0
843364.0	843466.0	847392.0	847494.0	4028.0
843474.0	843475.0	847495.0	847496.0	4021.0
843499.0	843519.0	847497.0	847517.0	3998.0
843550.0	845243.0	847518.0	849211.0	3968.0
845244.0	845380.0	849260.0	849396.0	4016.0
845381.0	845456.0	849491.0	849566.0	4110.0
845457.0	845551.0	849614.0	849708.0	4157.0
845552.0	845646.0	849756.0	849850.0	4204.0
845647.0	845741.0	849898.0	849992.0	4251.0
845742.0	845802.0	850040.0	850100.0	4298.0
845803.0	846010.0	850148.0	850355.0	4345.0
846059.0	846712.0	850356.0	851009.0	4297.0
846713.0	846847.0	851012.0	851146.0	4299.0
846848.0	849864.0	851169.0	854185.0	4321.0
849867.0	849912.0	854186.0	854231.0	4319.0
849915.0	851030.0	854232.0	855347.0	4317.0
851033.0	855968.0	855348.0	860283.0	4315.0
855970.0	1217242.0	860284.0	1221556.0	4314.0
1217253.0	1217278.0	1221566.0	1221591.0	4313.0
1217279.0	1217283.0	1221594.0	1221598.0	4315.0
1217295.0	1217295.0	1221614.0	1221614.0	4319.0
1217300.0	1217308.0	1221615.0	1221623.0	4315.0
1217309.0	1217313.0	1221634.0	1221638.0	4325.0
1217314.0	1217319.0	1221642.0	1221647.0	4328.0
1217320.0	1217329.0	1221650.0	1221659.0	4330.0
1217330.0	1217343.0	1221672.0	1221685.0	4342.0
1217351.0	1217356.0	1221692.0	1221697.0	4341.0
1217357.0	1217367.0	1221703.0	1221713.0	4346.0
1217373.0	1217422.0	1221721.0	1221770.0	4348.0
1217447.0	1217448.0	1221797.0	1221798.0	4350.0
1217455.0	1217521.0	1221799.0	1221865.0	4344.0
1217554.0	1217557.0	1221894.0	1221897.0	4340.0
1217603.0	1217619.0	1221935.0	1221951.0	4332.0
1217649.0	1217713.0	1221973.0	1222037.0	4324.0
1217743.0	1217750.0	1222065.0	1222072.0	4322.0
1217793.0	1217797.0	1222101.0	1222105.0	4308.0
1217825.0	1217827.0	1222123.0	1222125.0	4298.0
1218038.0	1218046.0	1221557.0	1221565.0	3519.0
1218075.0	1218075.0	1221592.0	1221592.0	3517.0
1218076.0	1218088.0	1221601.0	1221613.0	3525.0
1218112.0	1218117.0	1221686.0	1221691.0	3574.0
1218124.0	1218130.0	1221714.0	1221720.0	3590.0
1218177.0	1218202.0	1221771.0	1221796.0	3594.0
1218262.0	1218288.0	1221866.0	1221892.0	3604.0
1218292.0	1218328.0	1221898.0	1221934.0	3606.0
1218334.0	1218354.0	1221952.0	1221972.0	3618.0
1218410.0	1218436.0	1222038.0	1222064.0	3628.0
1218439.0	1218466.0	1222073.0	1222100.0	3634.0
1218468.0	1218484.0	1222106.0	1222122.0	3638.0
1218486.0	1218828.0	1222126.0	1222468.0	3640.0
1220715.0	1220773.0	1222469.0	1222527.0	1754.0
1224134.0	1224969.0	1222528.0	1223363.0	-1606.0
1227134.0	1233086.0	1223364.0	1229316.0	-3770.0
1233089.0	3143553.0	1229317.0	3139781.0	-3772.0
3143554.0	3529312.0	3139783.0	3525541.0	-3771.0
3579313.0	4088549.0	3531723.0	4040959.0	-47590.0
4088551.0	4178948.0	4040960.0	4131357.0	-47591.0
4178949.0	5018788.0	4131359.0	4971198.0	-47590.0
5118789.0	5584283.0	4978656.0	5444150.0	-140133.0
5584284.0	6872402.0	5444152.0	6732270.0	-140132.0
6872403.0	8143023.0	6732272.0	8002892.0	-140131.0
8143024.0	9067014.0	8002894.0	8926884.0	-140130.0
9067015.0	10112166.0	8926886.0	9972037.0	-140129.0
10112167.0	10150215.0	9972039.0	10010087.0	-140128.0
10150216.0	10300555.0	10010089.0	10160428.0	-140127.0
10300556.0	13125478.0	10160430.0	12985352.0	-140126.0
13125479.0	14333881.0	12985354.0	14193756.0	-140125.0
14333882.0	16030010.0	14193758.0	15889886.0	-140124.0
16030011.0	16060175.0	15889888.0	15920052.0	-140123.0
16060176.0	16279724.0	15920054.0	16139602.0	-140122.0
16329725.0	16867399.0	16148457.0	16686131.0	-181268.0
16867400.0	18135548.0	16686133.0	17954281.0	-181267.0
18135549.0	19116069.0	17954283.0	18934803.0	-181266.0
19116073.0	19118289.0	18934804.0	18937020.0	-181269.0
19118290.0	19120574.0	18937033.0	18939317.0	-181257.0
19120579.0	19123412.0	18939318.0	18942151.0	-181261.0
19123414.0	19126818.0	18942152.0	18945556.0	-181262.0
19126835.0	19128290.0	18945557.0	18947012.0	-181278.0
19128291.0	19129196.0	18947019.0	18947924.0	-181272.0
19129198.0	19130612.0	18947925.0	18949339.0	-181273.0
19130614.0	19133153.0	18949340.0	18951879.0	-181274.0
19133157.0	19133807.0	18951880.0	18952530.0	-181277.0
19133809.0	19151862.0	18952531.0	18970584.0	-181278.0
19151863.0	19156245.0	18970587.0	18974969.0	-181276.0
19156247.0	19160785.0	18974970.0	18979508.0	-181277.0
19160787.0	19169425.0	18979509.0	18988147.0	-181278.0
19169427.0	19171299.0	18988148.0	18990020.0	-181279.0
19171300.0	19173565.0	18990025.0	18992290.0	-181275.0
19173566.0	19176646.0	18992292.0	18995372.0	-181274.0
19176647.0	19195269.0	18995374.0	19013996.0	-181273.0
19195270.0	19195468.0	19014015.0	19014213.0	-181255.0
19195474.0	19205873.0	19014216.0	19024615.0	-181258.0
19205880.0	19206008.0	19024626.0	19024754.0	-181254.0
19206016.0	19206598.0	19024763.0	19025345.0	-181253.0
19213772.0	19213784.0	19013997.0	19014009.0	-199775.0
19213971.0	19213972.0	19014214.0	19014215.0	-199757.0
19224376.0	19224385.0	19024616.0	19024625.0	-199760.0
19224511.0	19224518.0	19024755.0	19024762.0	-199756.0
19225101.0	19229223.0	19025346.0	19029468.0	-199755.0
19229224.0	19240437.0	19029470.0	19040683.0	-199754.0
19240439.0	19244052.0	19040684.0	19044297.0	-199755.0
19244054.0	19253322.0	19044298.0	19053566.0	-199756.0
19253325.0	19253878.0	19053567.0	19054120.0	-199758.0
19253882.0	20688767.0	19054121.0	20489006.0	-199761.0
20688768.0	21153113.0	20489008.0	20953353.0	-199760.0
21178114.0	23265065.0	20955242.0	23042193.0	-222872.0
23265066.0	23679162.0	23042195.0	23456291.0	-222871.0
23679163.0	24387179.0	23456293.0	24164309.0	-222870.0
24387180.0	26442903.0	24164311.0	26220034.0	-222869.0
26442904.0	27535311.0	26220036.0	27312443.0	-222868.0
27535312.0	28855920.0	27312445.0	28633053.0	-222867.0
28855921.0	31725178.0	28633055.0	31502312.0	-222866.0
31727354.0	31727354.0	31502316.0	31502316.0	-225038.0
31727387.0	31805880.0	31502317.0	31580810.0	-225070.0
31805881.0	32568139.0	31580812.0	32343070.0	-225069.0
32568140.0	32709034.0	32343072.0	32483966.0	-225068.0
32709035.0	35271388.0	32483968.0	35046321.0	-225067.0
35271389.0	36160437.0	35046323.0	35935371.0	-225066.0
36160438.0	36162323.0	35935376.0	35937261.0	-225062.0
36162326.0	36162455.0	35937262.0	35937391.0	-225064.0
36162459.0	36164685.0	35937392.0	35939618.0	-225067.0
36164686.0	36167624.0	35939621.0	35942559.0	-225065.0
36167626.0	36168250.0	35942560.0	35943184.0	-225066.0
36168251.0	36171458.0	35943186.0	35946393.0	-225065.0
36171459.0	36177835.0	35946395.0	35952771.0	-225064.0
36177837.0	36180963.0	35952772.0	35955898.0	-225065.0
36180964.0	36181044.0	35955900.0	35955980.0	-225064.0
36181052.0	36181063.0	35955981.0	35955992.0	-225071.0
36181070.0	36181096.0	35955993.0	35956019.0	-225077.0
36181103.0	36181117.0	35956020.0	35956034.0	-225083.0
36181118.0	36181314.0	35956053.0	35956249.0	-225065.0
36181347.0	36181368.0	35956250.0	35956271.0	-225097.0
36181369.0	36181453.0	35956274.0	35956358.0	-225095.0
36181454.0	36181535.0	35956361.0	35956442.0	-225093.0
36181536.0	36181556.0	35956444.0	35956464.0	-225092.0
36181593.0	36181600.0	35956465.0	35956472.0	-225128.0
36181604.0	36182286.0	35956473.0	35957155.0	-225131.0
36182287.0	36182539.0	35957190.0	35957442.0	-225097.0
36182543.0	36182892.0	35957443.0	35957792.0	-225100.0
36182896.0	36183795.0	35957793.0	35958692.0	-225103.0
36183798.0	36185037.0	35958693.0	35959932.0	-225105.0
36185039.0	36186009.0	35959933.0	35960903.0	-225106.0
36186010.0	36188710.0	35960905.0	35963605.0	-225105.0
36188711.0	36188988.0	35963609.0	35963886.0	-225102.0
36188989.0	36190072.0	35963888.0	35964971.0	-225101.0
36190073.0	36193099.0	35964974.0	35968000.0	-225099.0
36193100.0	36195662.0	35968002.0	35970564.0	-225098.0
36195663.0	36199768.0	35970566.0	35974671.0	-225097.0
36199785.0	36200562.0	35974672.0	35975449.0	-225113.0
36200563.0	36204827.0	35975464.0	35979728.0	-225099.0
36204828.0	36210219.0	35979730.0	35985121.0	-225098.0
36210220.0	36211102.0	35985123.0	35986005.0	-225097.0
36211103.0	36213963.0	35986009.0	35988869.0	-225094.0
36213964.0	36215591.0	35988880.0	35990507.0	-225084.0
36215592.0	36216943.0	35990509.0	35991860.0	-225083.0
36216952.0	36217383.0	35991868.0	35992299.0	-225084.0
36219010.0	36219016.0	35991861.0	35991867.0	-227149.0
36219450.0	36226101.0	35992300.0	35998951.0	-227150.0
36226102.0	36227633.0	35998962.0	36000493.0	-227140.0
36227635.0	36233380.0	36000494.0	36006239.0	-227141.0
36233383.0	38303017.0	36006240.0	38075874.0	-227143.0
38303018.0	39103034.0	38075876.0	38875892.0	-227142.0
39103035.0	39795632.0	38875894.0	39568491.0	-227141.0
39795633.0	43238666.0	39568493.0	43011526.0	-227140.0
43238667.0	43277467.0	43011528.0	43050328.0	-227139.0
43277468.0	43331984.0	43050330.0	43104846.0	-227138.0
43331986.0	49620566.0	43104847.0	49393427.0	-227139.0
49620567.0	53781084.0	49393429.0	53553946.0	-227138.0
53781085.0	55187301.0	53553948.0	54960164.0	-227137.0
55187302.0	55844617.0	54960166.0	55617481.0	-227136.0
55844618.0	63651885.0	55617483.0	63424750.0	-227135.0
63651886.0	66338391.0	63424752.0	66111257.0	-227134.0
66338392.0	66365238.0	66111259.0	66138105.0	-227133.0
66365239.0	71048718.0	66138107.0	70821586.0	-227132.0
71048719.0	71062833.0	70821588.0	70835702.0	-227131.0
71062834.0	72341599.0	70835704.0	72114469.0	-227130.0
72341600.0	73299366.0	72114471.0	73072237.0	-227129.0
73299367.0	73674902.0	73072239.0	73447774.0	-227128.0
73674904.0	73675025.0	73447775.0	73447896.0	-227129.0
73675027.0	73675230.0	73447897.0	73448100.0	-227130.0
73675231.0	75333081.0	73448104.0	75105954.0	-227127.0
75333082.0	80413245.0	75105956.0	80186119.0	-227126.0
80413246.0	81148041.0	80186121.0	80920916.0	-227125.0
81148042.0	85171805.0	80920918.0	84944681.0	-227124.0
85171806.0	87668206.0	84944683.0	87441083.0	-227123.0
87740603.0	88751752.0	87441084.0	88452233.0	-299519.0
88751753.0	89032282.0	88452235.0	88732764.0	-299518.0
89032283.0	89103060.0	88732766.0	88803543.0	-299517.0
89103061.0	89124096.0	88803547.0	88824582.0	-299514.0
89124097.0	89158943.0	88824584.0	88859430.0	-299513.0
89158944.0	89169845.0	88859432.0	88870333.0	-299512.0
89169850.0	89227191.0	88870334.0	88927675.0	-299516.0
89227194.0	89252361.0	88927676.0	88952843.0	-299518.0
89252363.0	89292476.0	88952844.0	88992957.0	-299519.0
89292477.0	89297144.0	88992979.0	88997646.0	-299498.0
89297145.0	89348601.0	88997648.0	89049104.0	-299497.0
89348602.0	89391988.0	89049106.0	89092492.0	-299496.0
89391989.0	89394315.0	89092495.0	89094821.0	-299494.0
89394316.0	89399858.0	89094823.0	89100365.0	-299493.0
89399859.0	89420041.0	89100368.0	89120550.0	-299491.0
89420042.0	89424026.0	89120558.0	89124542.0	-299484.0
89424027.0	89449466.0	89124544.0	89149983.0	-299483.0
89449468.0	89490398.0	89149984.0	89190914.0	-299484.0
89490403.0	89504696.0	89190915.0	89205208.0	-299488.0
89504697.0	89513857.0	89205212.0	89214372.0	-299485.0
89513858.0	89537893.0	89214377.0	89238412.0	-299481.0
89537896.0	89550547.0	89238413.0	89251064.0	-299483.0
89550549.0	89551381.0	89251065.0	89251897.0	-299484.0
89551384.0	89563907.0	89251898.0	89264421.0	-299486.0
89563909.0	89563919.0	89264422.0	89264432.0	-299487.0
89563927.0	89563941.0	89264433.0	89264447.0	-299494.0
89563944.0	89563972.0	89264448.0	89264476.0	-299496.0
89563979.0	89563991.0	89264477.0	89264489.0	-299502.0
89563993.0	89563999.0	89264490.0	89264496.0	-299503.0
89564016.0	89564037.0	89264497.0	89264518.0	-299519.0
89564804.0	89564813.0	89265037.0	89265046.0	-299767.0
89564814.0	89564826.0	89265048.0	89265060.0	-299766.0
89564834.0	89564836.0	89265061.0	89265063.0	-299773.0
89564837.0	89564841.0	89265073.0	89265077.0	-299764.0
89564842.0	89564854.0	89265079.0	89265091.0	-299763.0
89564860.0	89564869.0	89265092.0	89265101.0	-299768.0
89564870.0	89565020.0	89265118.0	89265268.0	-299752.0
89565023.0	89565050.0	89265269.0	89265296.0	-299754.0
89565053.0	89565068.0	89265297.0	89265312.0	-299756.0
89565070.0	89569037.0	89265313.0	89269280.0	-299757.0
89569814.0	89573425.0	89270057.0	89273668.0	-299757.0
89573427.0	89578934.0	89273669.0	89279176.0	-299758.0
89578935.0	89616151.0	89279178.0	89316394.0	-299757.0
89616153.0	89624926.0	89316395.0	89325168.0	-299758.0
89830445.0	89830478.0	89785648.0	89785681.0	-44797.0
89830479.0	89830559.0	89785685.0	89785765.0	-44794.0
89830560.0	89830578.0	89785767.0	89785785.0	-44793.0
89830579.0	89830588.0	89785793.0	89785802.0	-44786.0
89830589.0	89830593.0	89785805.0	89785809.0	-44784.0
89830595.0	89830601.0	89785810.0	89785816.0	-44785.0
89830602.0	89830657.0	89785829.0	89785884.0	-44773.0
89830658.0	89830679.0	89785888.0	89785909.0	-44770.0
89830680.0	89830686.0	89785966.0	89785972.0	-44714.0
89830687.0	89830693.0	89785985.0	89785991.0	-44702.0
89830694.0	89830728.0	89785996.0	89786030.0	-44698.0
89830729.0	89830771.0	89786034.0	89786076.0	-44695.0
89830772.0	89830832.0	89786080.0	89786140.0	-44692.0
89830833.0	89830841.0	89786154.0	89786162.0	-44679.0
89830842.0	89830872.0	89786176.0	89786206.0	-44666.0
89830873.0	89830881.0	89786214.0	89786222.0	-44659.0
89830882.0	89830885.0	89786224.0	89786227.0	-44658.0
89830886.0	89830898.0	89786243.0	89786255.0	-44643.0
89830899.0	89830909.0	89786259.0	89786269.0	-44640.0
89830910.0	89830913.0	89786289.0	89786292.0	-44621.0
89830914.0	89830915.0	89786300.0	89786301.0	-44614.0
89830918.0	89830968.0	89786302.0	89786352.0	-44616.0
89830969.0	89831036.0	89786408.0	89786475.0	-44561.0
89831037.0	89831059.0	89786479.0	89786501.0	-44558.0
89831060.0	89831065.0	89786528.0	89786533.0	-44532.0
89831069.0	89831167.0	89786534.0	89786632.0	-44535.0
89831175.0	89831187.0	89786633.0	89786645.0	-44542.0
89831188.0	89831199.0	89786653.0	89786664.0	-44535.0
89831213.0	89831215.0	89786665.0	89786667.0	-44548.0
89831216.0	89831248.0	89786681.0	89786713.0	-44535.0
89831249.0	89831250.0	89786725.0	89786726.0	-44524.0
89831251.0	89831261.0	89786729.0	89786739.0	-44522.0
89831262.0	89831316.0	89786750.0	89786804.0	-44512.0
89831327.0	89831335.0	89786805.0	89786813.0	-44522.0
89831345.0	89831384.0	89786814.0	89786853.0	-44531.0
89831385.0	89831395.0	89786867.0	89786877.0	-44518.0
89831396.0	89831447.0	89786891.0	89786942.0	-44505.0
89831455.0	89831467.0	89786943.0	89786955.0	-44512.0
89831468.0	89831496.0	89786967.0	89786995.0	-44501.0
89831497.0	89831502.0	89787017.0	89787022.0	-44480.0
89831503.0	89831576.0	89787028.0	89787101.0	-44475.0
89831583.0	89831587.0	89787102.0	89787106.0	-44481.0
89831588.0	89831609.0	89787116.0	89787137.0	-44472.0
89831613.0	89831674.0	89787138.0	89787199.0	-44475.0
89831675.0	89831775.0	89787223.0	89787323.0	-44452.0
89831777.0	89831779.0	89787324.0	89787326.0	-44453.0
89831780.0	89831880.0	89787328.0	89787428.0	-44452.0
89831882.0	89831910.0	89787429.0	89787457.0	-44453.0
89831911.0	89831986.0	89787478.0	89787553.0	-44433.0
89831987.0	89832031.0	89787557.0	89787601.0	-44430.0
89832032.0	89832069.0	89787627.0	89787664.0	-44405.0
89832070.0	89832152.0	89787670.0	89787752.0	-44400.0
89832153.0	89832154.0	89787760.0	89787761.0	-44393.0
89832155.0	89832159.0	89787764.0	89787768.0	-44391.0
89832160.0	89832170.0	89787775.0	89787785.0	-44385.0
89832171.0	89832225.0	89787799.0	89787853.0	-44372.0
89832229.0	89832235.0	89787854.0	89787860.0	-44375.0
89832236.0	89832242.0	89787877.0	89787883.0	-44359.0
89832243.0	89832274.0	89787890.0	89787921.0	-44353.0
89832278.0	89832303.0	89787922.0	89787947.0	-44356.0
89832307.0	89832379.0	89787948.0	89788020.0	-44359.0
89832387.0	89832398.0	89788021.0	89788032.0	-44366.0
89832399.0	89832454.0	89788040.0	89788095.0	-44359.0
89832455.0	89832463.0	89788098.0	89788106.0	-44357.0
89832470.0	89832472.0	89788107.0	89788109.0	-44363.0
89832473.0	89832477.0	89788116.0	89788120.0	-44357.0
89832478.0	89832486.0	89788128.0	89788136.0	-44350.0
89832500.0	89832534.0	89788137.0	89788171.0	-44363.0
89832535.0	89832538.0	89788178.0	89788181.0	-44357.0
89832539.0	89832597.0	89788202.0	89788260.0	-44337.0
89832598.0	89832626.0	89788264.0	89788292.0	-44334.0
89832632.0	89832638.0	89788293.0	89788299.0	-44339.0
89832639.0	89832642.0	89788305.0	89788308.0	-44334.0
89832646.0	89832680.0	89788309.0	89788343.0	-44337.0
89832681.0	89832685.0	89788349.0	89788353.0	-44332.0
89832686.0	89832694.0	89788388.0	89788396.0	-44298.0
89832695.0	89832698.0	89788402.0	89788405.0	-44293.0
89832699.0	89832735.0	89788408.0	89788444.0	-44291.0
89832736.0	89832810.0	89788446.0	89788520.0	-44290.0
89832811.0	89832830.0	89788541.0	89788560.0	-44270.0
89832831.0	89832834.0	89788562.0	89788565.0	-44269.0
89832846.0	89832932.0	89788566.0	89788652.0	-44280.0
89832938.0	89832942.0	89788653.0	89788657.0	-44285.0
89832943.0	89832972.0	89788665.0	89788694.0	-44278.0
89832974.0	89832975.0	89788695.0	89788696.0	-44279.0
89832978.0	89833016.0	89788697.0	89788735.0	-44281.0
89833020.0	89833058.0	89788736.0	89788774.0	-44284.0
89833060.0	89833061.0	89788775.0	89788776.0	-44285.0
89833062.0	89833120.0	89788785.0	89788843.0	-44277.0
89833121.0	89833187.0	89788845.0	89788911.0	-44276.0
89833188.0	89833194.0	89788925.0	89788931.0	-44263.0
89833195.0	89833205.0	89788945.0	89788955.0	-44250.0
89833206.0	89833234.0	89788982.0	89789010.0	-44224.0
89833235.0	89833339.0	89789014.0	89789118.0	-44221.0
89833340.0	89834989.0	89789191.0	89790840.0	-44149.0
89834990.0	89834999.0	89790848.0	89790857.0	-44142.0
89835000.0	89835009.0	89790864.0	89790873.0	-44136.0
89835013.0	89835043.0	89790874.0	89790904.0	-44139.0
89835055.0	89835055.0	89790905.0	89790905.0	-44150.0
89835056.0	89835067.0	89790917.0	89790928.0	-44139.0
89835068.0	89835080.0	89790936.0	89790948.0	-44132.0
89835081.0	89835087.0	89790957.0	89790963.0	-44124.0
89835088.0	89835097.0	89790966.0	89790975.0	-44122.0
89835098.0	89835118.0	89790979.0	89790999.0	-44119.0
89835119.0	89835135.0	89791003.0	89791019.0	-44116.0
89835139.0	89835145.0	89791020.0	89791026.0	-44119.0
89835146.0	89835164.0	89791030.0	89791048.0	-44116.0
89835168.0	89835214.0	89791049.0	89791095.0	-44119.0
89835218.0	89835305.0	89791096.0	89791183.0	-44122.0
89835306.0	89835309.0	89791187.0	89791190.0	-44119.0
89835313.0	89835352.0	89791191.0	89791230.0	-44122.0
89835356.0	89835357.0	89791231.0	89791232.0	-44125.0
89835358.0	89835363.0	89791237.0	89791242.0	-44121.0
89835367.0	89835436.0	89791243.0	89791312.0	-44124.0
89835448.0	89835468.0	89796407.0	89796427.0	-39041.0
89835469.0	89835478.0	89796441.0	89796450.0	-39028.0
89835479.0	89835500.0	89796464.0	89796485.0	-39015.0
89835501.0	89835506.0	89796491.0	89796496.0	-39010.0
89835512.0	89835581.0	89796497.0	89796566.0	-39015.0
89835582.0	89835585.0	89796568.0	89796571.0	-39014.0
89835587.0	89835638.0	89796572.0	89796623.0	-39015.0
89835639.0	89835648.0	89796645.0	89796654.0	-38994.0
89835649.0	89835657.0	89796671.0	89796679.0	-38978.0
89835661.0	89835669.0	89796680.0	89796688.0	-38981.0
89835670.0	89835699.0	89796692.0	89796721.0	-38978.0
89835700.0	89835721.0	89796725.0	89796746.0	-38975.0
89835722.0	89835729.0	89796760.0	89796767.0	-38962.0
89835730.0	89835742.0	89796779.0	89796791.0	-38951.0
89835743.0	89835764.0	89796794.0	89796815.0	-38949.0
89835765.0	89835771.0	89796819.0	89796825.0	-38946.0
89835775.0	89835797.0	89796826.0	89796848.0	-38949.0
89835798.0	89835846.0	89796852.0	89796900.0	-38946.0
89835847.0	89835858.0	89796904.0	89796915.0	-38943.0
89835859.0	89835867.0	89796937.0	89796945.0	-38922.0
89835868.0	89835997.0	89796951.0	89797080.0	-38917.0
89835998.0	89835999.0	89797084.0	89797085.0	-38914.0
89836003.0	89836036.0	89797086.0	89797119.0	-38917.0
89836037.0	89836076.0	89797143.0	89797182.0	-38894.0
89836077.0	89836088.0	89797196.0	89797207.0	-38881.0
89836105.0	89836110.0	89797208.0	89797213.0	-38897.0
89836114.0	89836152.0	89797214.0	89797252.0	-38900.0
89836157.0	89836158.0	89797253.0	89797254.0	-38904.0
89836159.0	89836244.0	89797256.0	89797341.0	-38903.0
89836245.0	89836254.0	89797349.0	89797358.0	-38896.0
89836255.0	89836260.0	89797362.0	89797367.0	-38893.0
89836261.0	89836265.0	89797373.0	89797377.0	-38888.0
89836266.0	89836322.0	89797383.0	89797439.0	-38883.0
89836323.0	89836333.0	89797443.0	89797453.0	-38880.0
89836360.0	89836371.0	89797454.0	89797465.0	-38906.0
89836372.0	89836387.0	89797469.0	89797484.0	-38903.0
89836388.0	89836478.0	89797487.0	89797577.0	-38901.0
89836492.0	89836502.0	89797578.0	89797588.0	-38914.0
89836503.0	89836505.0	89797612.0	89797614.0	-38891.0
89836506.0	89836580.0	89797634.0	89797708.0	-38872.0
89836581.0	89836596.0	89797738.0	89797753.0	-38843.0
89836604.0	89836638.0	89797754.0	89797788.0	-38850.0
89836639.0	89836646.0	89797799.0	89797806.0	-38840.0
89836647.0	89836656.0	89797810.0	89797819.0	-38837.0
89836657.0	89836701.0	89797830.0	89797874.0	-38827.0
89836703.0	89836703.0	89797875.0	89797875.0	-38828.0
89836704.0	89836714.0	89797880.0	89797890.0	-38824.0
89836715.0	89836728.0	89797904.0	89797917.0	-38811.0
89836729.0	89836757.0	89797925.0	89797953.0	-38804.0
89836761.0	89838115.0	89797954.0	89799308.0	-38807.0
89838119.0	90070730.0	89799309.0	90031920.0	-38810.0
90070732.0	90072593.0	90031921.0	90033782.0	-38811.0
90072606.0	90072679.0	90033783.0	90033856.0	-38823.0
90072689.0	90086260.0	90033857.0	90047428.0	-38832.0
90086274.0	90090450.0	90047429.0	90051605.0	-38845.0
90090452.0	90100300.0	90051606.0	90061454.0	-38846.0
90100301.0	90144589.0	90061459.0	90105747.0	-38842.0
90144601.0	90146922.0	90105748.0	90108069.0	-38853.0
90146929.0	90150844.0	90108070.0	90111985.0	-38859.0
90150845.0	90151653.0	90111988.0	90112796.0	-38857.0
90151655.0	90159584.0	90112797.0	90120726.0	-38858.0
90159585.0	90165010.0	90120733.0	90126158.0	-38852.0
90165011.0	90171302.0	90126160.0	90132451.0	-38851.0
90171303.0	90174941.0	90132453.0	90136091.0	-38850.0
90174943.0	90181558.0	90136092.0	90142707.0	-38851.0
90181562.0	90187596.0	90142708.0	90148742.0	-38854.0
90187597.0	90192112.0	90148746.0	90153261.0	-38851.0
90205375.0	90205956.0	90166525.0	90167106.0	-38850.0
90205958.0	90206533.0	90167107.0	90167682.0	-38851.0
90206539.0	90206663.0	90167683.0	90167807.0	-38856.0
90206665.0	90209427.0	90167808.0	90170570.0	-38857.0
90209428.0	90227432.0	90170587.0	90188591.0	-38841.0
90227445.0	90227602.0	90188592.0	90188749.0	-38853.0
90227603.0	90230942.0	90188751.0	90192090.0	-38852.0
90230944.0	90233000.0	90192091.0	90194147.0	-38853.0
90233013.0	90240570.0	90194148.0	90201705.0	-38865.0
90240572.0	90242768.0	90201706.0	90203902.0	-38866.0
90242770.0	90245937.0	90203903.0	90207070.0	-38867.0
90245938.0	90273224.0	90207072.0	90234358.0	-38866.0
90294593.0	90306573.0	90255732.0	90267712.0	-38861.0
90306577.0	90315581.0	90267717.0	90276721.0	-38860.0
90371526.0	90497315.0	90276722.0	90402511.0	-94804.0
90506320.0	90506323.0	90267713.0	90267716.0	-238607.0
90517478.0	90538850.0	90234359.0	90255731.0	-283119.0
91630118.0	91631116.0	91437562.0	91438560.0	-192556.0
91631117.0	91633276.0	91438571.0	91440730.0	-192546.0
91633277.0	91634809.0	91440733.0	91442265.0	-192544.0
91634810.0	91635360.0	91442267.0	91442817.0	-192543.0
91635362.0	91635492.0	91442818.0	91442948.0	-192544.0
91635493.0	91636147.0	91442950.0	91443604.0	-192543.0
91636148.0	91637077.0	91443606.0	91444535.0	-192542.0
91637078.0	91637467.0	91444538.0	91444927.0	-192540.0
91637469.0	91638954.0	91444928.0	91446413.0	-192541.0
91638955.0	91638957.0	91446416.0	91446418.0	-192539.0
91638958.0	91639016.0	91446423.0	91446481.0	-192535.0
91639017.0	91639265.0	91446487.0	91446735.0	-192530.0
91639266.0	91639272.0	91446741.0	91446747.0	-192525.0
91639278.0	91639300.0	91446748.0	91446770.0	-192530.0
91639301.0	91639319.0	91446774.0	91446792.0	-192527.0
91639320.0	91639328.0	91446795.0	91446803.0	-192525.0
91639329.0	91639962.0	91446947.0	91447580.0	-192382.0
91643939.0	91645786.0	91451557.0	91453404.0	-192382.0
91645787.0	91646233.0	91453407.0	91453853.0	-192380.0
91646234.0	91647324.0	91453857.0	91454947.0	-192377.0
91647325.0	91648770.0	91454949.0	91456394.0	-192376.0
91648771.0	91652377.0	91456397.0	91460003.0	-192374.0
91652380.0	91657139.0	91460004.0	91464763.0	-192376.0
91657140.0	91659837.0	91464765.0	91467462.0	-192375.0
91659838.0	91661295.0	91467464.0	91468921.0	-192374.0
91661296.0	91662909.0	91468923.0	91470536.0	-192373.0
91662912.0	91663279.0	91470537.0	91470904.0	-192375.0
91663283.0	91666868.0	91470905.0	91474490.0	-192378.0
91666869.0	91667119.0	91474494.0	91474744.0	-192375.0
91667120.0	91669184.0	91474746.0	91476810.0	-192374.0
91669189.0	91669710.0	91476811.0	91477332.0	-192378.0
91669711.0	91669732.0	91477334.0	91477355.0	-192377.0
91669733.0	91669741.0	91477390.0	91477398.0	-192343.0
91669742.0	91669842.0	91477415.0	91477515.0	-192327.0
91669843.0	91669921.0	91477517.0	91477595.0	-192326.0
91669922.0	91669923.0	91477599.0	91477600.0	-192323.0
91669935.0	91669967.0	91477601.0	91477633.0	-192334.0
91669985.0	91670068.0	91477634.0	91477717.0	-192351.0
91670069.0	91670470.0	91477719.0	91478120.0	-192350.0
91670471.0	91670759.0	91478124.0	91478412.0	-192347.0
91670801.0	91670862.0	91478413.0	91478474.0	-192388.0
91670863.0	91670865.0	91478501.0	91478503.0	-192362.0
91670866.0	91670902.0	91478535.0	91478571.0	-192331.0
91670903.0	91670926.0	91478590.0	91478613.0	-192313.0
91670927.0	91670945.0	91478632.0	91478650.0	-192295.0
91670946.0	91670963.0	91478674.0	91478691.0	-192272.0
91670970.0	91670982.0	91478692.0	91478704.0	-192278.0
91670983.0	91670984.0	91478720.0	91478721.0	-192263.0
91670985.0	91671026.0	91478729.0	91478770.0	-192256.0
91671027.0	91671048.0	91478793.0	91478814.0	-192234.0
91671049.0	91671061.0	91478823.0	91478835.0	-192226.0
91671062.0	91671098.0	91478837.0	91478873.0	-192225.0
91671099.0	91671106.0	91478878.0	91478885.0	-192221.0
91671107.0	91671138.0	91478887.0	91478918.0	-192220.0
91671139.0	91671139.0	91478926.0	91478926.0	-192213.0
91671141.0	91671162.0	91478927.0	91478948.0	-192214.0
91671164.0	91671183.0	91478949.0	91478968.0	-192215.0
91671184.0	91671336.0	91479037.0	91479189.0	-192147.0
91671337.0	91671537.0	91479253.0	91479453.0	-192084.0
91671560.0	91671793.0	91479454.0	91479687.0	-192106.0
91671795.0	91671978.0	91479688.0	91479871.0	-192107.0
91671979.0	91674148.0	91479873.0	91482042.0	-192106.0
91674157.0	91674897.0	91482043.0	91482783.0	-192114.0
91690489.0	91691670.0	91492792.0	91493973.0	-197697.0
91691671.0	91693281.0	91493976.0	91495586.0	-197695.0
91693283.0	91693506.0	91495587.0	91495810.0	-197696.0
91698200.0	91698202.0	91500791.0	91500793.0	-197409.0
91698204.0	91698226.0	91500794.0	91500816.0	-197410.0
91698232.0	91698243.0	91500817.0	91500828.0	-197415.0
91698245.0	91698251.0	91500829.0	91500835.0	-197416.0
91698252.0	91698269.0	91500837.0	91500854.0	-197415.0
91698270.0	91698311.0	91500856.0	91500897.0	-197414.0
91698313.0	91698338.0	91500898.0	91500923.0	-197415.0
91698339.0	91698347.0	91500933.0	91500941.0	-197406.0
91698352.0	91698376.0	91500942.0	91500966.0	-197410.0
91698538.0	91698867.0	91500967.0	91501296.0	-197571.0
91698868.0	91699084.0	91501299.0	91501515.0	-197569.0
91699085.0	91699327.0	91501517.0	91501759.0	-197568.0
91699328.0	91699351.0	91501769.0	91501792.0	-197559.0
91699352.0	91699380.0	91501797.0	91501825.0	-197555.0
91699426.0	91699631.0	91501826.0	91502031.0	-197600.0
91699632.0	91699671.0	91502034.0	91502073.0	-197598.0
91699672.0	91699828.0	91502075.0	91502231.0	-197597.0
91699829.0	91699879.0	91502233.0	91502283.0	-197596.0
91699882.0	91700105.0	91502284.0	91502507.0	-197598.0
91700107.0	91700159.0	91502508.0	91502560.0	-197599.0
91700165.0	91700213.0	91502561.0	91502609.0	-197604.0
91700262.0	91700386.0	91502610.0	91502734.0	-197652.0
91700430.0	91700434.0	91502735.0	91502739.0	-197695.0
91700461.0	91700482.0	91502740.0	91502761.0	-197721.0
91700491.0	91700493.0	91502762.0	91502764.0	-197729.0
91700494.0	91700621.0	91502772.0	91502899.0	-197722.0
91700624.0	91700667.0	91502900.0	91502943.0	-197724.0
91706248.0	91706257.0	91527082.0	91527091.0	-179166.0
91706258.0	91706290.0	91527097.0	91527129.0	-179161.0
91706292.0	91706341.0	91527130.0	91527179.0	-179162.0
91706343.0	91706367.0	91527180.0	91527204.0	-179163.0
91706369.0	91706426.0	91527205.0	91527262.0	-179164.0
91706443.0	91706479.0	91527263.0	91527299.0	-179180.0
91706480.0	91706495.0	91527305.0	91527320.0	-179175.0
91706499.0	91706500.0	91527321.0	91527322.0	-179178.0
91706501.0	91706533.0	91527326.0	91527358.0	-179175.0
91706534.0	91706545.0	91527368.0	91527379.0	-179166.0
91706549.0	91706553.0	91527380.0	91527384.0	-179169.0
91706554.0	91706563.0	91527388.0	91527397.0	-179166.0
91706571.0	91706584.0	91527398.0	91527411.0	-179173.0
91706585.0	91706599.0	91527429.0	91527443.0	-179156.0
91706609.0	91706618.0	91527444.0	91527453.0	-179165.0
91706619.0	91706660.0	91527463.0	91527504.0	-179156.0
91706661.0	91706698.0	91527539.0	91527576.0	-179122.0
91706703.0	91706710.0	91527577.0	91527584.0	-179126.0
91706711.0	91706721.0	91527593.0	91527603.0	-179118.0
91706722.0	91706775.0	91527626.0	91527679.0	-179096.0
91706776.0	91706788.0	91527719.0	91527731.0	-179057.0
91706789.0	91706813.0	91527734.0	91527758.0	-179055.0
91706814.0	91706828.0	91527767.0	91527781.0	-179047.0
91706829.0	91706837.0	91527794.0	91527802.0	-179035.0
91706841.0	91706887.0	91527803.0	91527849.0	-179038.0
91706888.0	91706904.0	91527863.0	91527879.0	-179025.0
91706905.0	91706957.0	91527898.0	91527950.0	-179007.0
91706958.0	91706959.0	91527958.0	91527959.0	-179000.0
91706960.0	91707000.0	91527962.0	91528002.0	-178998.0
91707001.0	91707023.0	91528008.0	91528030.0	-178993.0
91707024.0	91707026.0	91528051.0	91528053.0	-178973.0
91707030.0	91707047.0	91528054.0	91528071.0	-178976.0
91707048.0	91707054.0	91528077.0	91528083.0	-178971.0
91707055.0	91707069.0	91528089.0	91528103.0	-178966.0
91707070.0	91707078.0	91528108.0	91528116.0	-178962.0
91707079.0	91707093.0	91528148.0	91528162.0	-178931.0
91707094.0	91707104.0	91528168.0	91528178.0	-178926.0
91707105.0	91707123.0	91528183.0	91528201.0	-178922.0
91707124.0	91707275.0	91528203.0	91528354.0	-178921.0
91707277.0	91707350.0	91528355.0	91528428.0	-178922.0
91707356.0	91707373.0	91528429.0	91528446.0	-178927.0
91707378.0	91707401.0	91528447.0	91528470.0	-178931.0
91707402.0	91707668.0	91528478.0	91528744.0	-178924.0
91707669.0	91707911.0	91528797.0	91529039.0	-178872.0
91707912.0	91709663.0	91529043.0	91530794.0	-178869.0
91709664.0	91709886.0	91530797.0	91531019.0	-178867.0
91709889.0	91709966.0	91531020.0	91531097.0	-178869.0
91709967.0	91710144.0	91531103.0	91531280.0	-178864.0
91710145.0	91710320.0	91531282.0	91531457.0	-178863.0
91710321.0	91710603.0	91531460.0	91531742.0	-178861.0
91710604.0	91714440.0	91531749.0	91535585.0	-178855.0
91714441.0	91714649.0	91535587.0	91535795.0	-178854.0
91714654.0	91715106.0	91535796.0	91536248.0	-178858.0
91715107.0	91715287.0	91536254.0	91536434.0	-178853.0
91715289.0	91715290.0	91536435.0	91536436.0	-178854.0
91715291.0	91717474.0	91536438.0	91538621.0	-178853.0
91717476.0	91717527.0	91538622.0	91538673.0	-178854.0
91717528.0	91717596.0	91538675.0	91538743.0	-178853.0
91723280.0	91725086.0	91544301.0	91546107.0	-178979.0
91725087.0	91725199.0	91546184.0	91546296.0	-178903.0
91725234.0	91727210.0	91546297.0	91548273.0	-178937.0
91727213.0	91727852.0	91548274.0	91548913.0	-178939.0
91727853.0	91727908.0	91548919.0	91548974.0	-178934.0
91727909.0	91728548.0	91548976.0	91549615.0	-178933.0
91728549.0	91729156.0	91549619.0	91550226.0	-178930.0
91729161.0	91730936.0	91550227.0	91552002.0	-178934.0
91736244.0	91738079.0	91556982.0	91558817.0	-179262.0
91738085.0	91738195.0	91558818.0	91558928.0	-179267.0
91738199.0	91738234.0	91558929.0	91558964.0	-179270.0
91738240.0	91738595.0	91558965.0	91559320.0	-179275.0
91738599.0	91738785.0	91559321.0	91559507.0	-179278.0
91738791.0	91739209.0	91559508.0	91559926.0	-179283.0
91739210.0	91739388.0	91559932.0	91560110.0	-179278.0
91739392.0	91739762.0	91560111.0	91560481.0	-179281.0
91739768.0	91740185.0	91560482.0	91560899.0	-179286.0
91740191.0	91740265.0	91560900.0	91560974.0	-179291.0
91740271.0	91740280.0	91560975.0	91560984.0	-179296.0
91740281.0	91740324.0	91560987.0	91561030.0	-179294.0
91740327.0	91740810.0	91561031.0	91561514.0	-179296.0
91740819.0	91741771.0	91561515.0	91562467.0	-179304.0
91741772.0	91742066.0	91562469.0	91562763.0	-179303.0
91742112.0	91742177.0	91562764.0	91562829.0	-179348.0
91742178.0	91746023.0	91562831.0	91566676.0	-179347.0
91746024.0	91746062.0	91566678.0	91566716.0	-179346.0
91759764.0	91760088.0	91571704.0	91572028.0	-188060.0
91760089.0	91762561.0	91572030.0	91574502.0	-188059.0
91762562.0	91763897.0	91574504.0	91575839.0	-188058.0
91763899.0	91764922.0	91575840.0	91576863.0	-188059.0
91764935.0	91765186.0	91576864.0	91577115.0	-188071.0
91765187.0	91765437.0	91577117.0	91577367.0	-188070.0
91765438.0	91766730.0	91577379.0	91578671.0	-188059.0
91766731.0	91770633.0	91578674.0	91582576.0	-188057.0
91770636.0	91772019.0	91582577.0	91583960.0	-188059.0
91772021.0	91773046.0	91583961.0	91584986.0	-188060.0
91773047.0	91773060.0	91584997.0	91585010.0	-188050.0
91773061.0	91773913.0	91585015.0	91585867.0	-188046.0
91773918.0	91773922.0	91585868.0	91585872.0	-188050.0
91773927.0	91774945.0	91585873.0	91586891.0	-188054.0
91774946.0	91774997.0	91586900.0	91586951.0	-188046.0
91774998.0	91777660.0	91586956.0	91589618.0	-188042.0
91777662.0	91777844.0	91589619.0	91589801.0	-188043.0
91777854.0	91778108.0	91589802.0	91590056.0	-188052.0
91778109.0	91778439.0	91590059.0	91590389.0	-188050.0
91778440.0	91778773.0	91590391.0	91590724.0	-188049.0
91778774.0	91778819.0	91590736.0	91590781.0	-188038.0
91778820.0	91781093.0	91590792.0	91593065.0	-188028.0
91781094.0	91784107.0	91593070.0	91596083.0	-188024.0
91784110.0	91784223.0	91596084.0	91596197.0	-188026.0
91784224.0	91785553.0	91596202.0	91597531.0	-188022.0
91785559.0	91787817.0	91597532.0	91599790.0	-188027.0
91787819.0	91788230.0	91599791.0	91600202.0	-188028.0
91788231.0	92326171.0	91600205.0	92138145.0	-188026.0
95326172.0	95352679.0	94660447.0	94686954.0	-665725.0
95352681.0	95361268.0	94686955.0	94695542.0	-665726.0
95361270.0	95363895.0	94695543.0	94698168.0	-665727.0
95363896.0	95364689.0	94698171.0	94698964.0	-665725.0
95364690.0	95367741.0	94698969.0	94702020.0	-665721.0
95367742.0	95372718.0	94702022.0	94706998.0	-665720.0
95372720.0	95384384.0	94706999.0	94718663.0	-665721.0
95384417.0	95388853.0	94718664.0	94723100.0	-665753.0
95388854.0	95847046.0	94723109.0	95181301.0	-665745.0
95847050.0	96780997.0	95181302.0	96115249.0	-665748.0
96780998.0	96823988.0	96115259.0	96158249.0	-665739.0
96823989.0	97075783.0	96158251.0	96410045.0	-665738.0
97075784.0	97951534.0	96410047.0	97285797.0	-665737.0
97951535.0	97984632.0	97389067.0	97422164.0	-562468.0
97984634.0	97986959.0	97319440.0	97321765.0	-665194.0
97986960.0	97996959.0	97376740.0	97386739.0	-610220.0
97996960.0	98007766.0	97331767.0	97342573.0	-665193.0
98007767.0	98031124.0	97342575.0	97365932.0	-665192.0
98031126.0	98041932.0	97365933.0	97376739.0	-665193.0
98041933.0	98051932.0	97321767.0	97331766.0	-720166.0
98051934.0	98054259.0	97386740.0	97389065.0	-665194.0
98054260.0	98080207.0	97293492.0	97319439.0	-760768.0
98080208.0	98080220.0	97293327.0	97293339.0	-786881.0
98080228.0	98080234.0	97293320.0	97293326.0	-786908.0
98080235.0	98080261.0	97293291.0	97293317.0	-786944.0
98080265.0	98080267.0	97293288.0	97293290.0	-786977.0
98080268.0	98083837.0	97289717.0	97293286.0	-790551.0
98083839.0	98085620.0	97287935.0	97289716.0	-795904.0
98087758.0	98090955.0	97422165.0	97425362.0	-665593.0
98090956.0	98094086.0	97425377.0	97428507.0	-665579.0
98094087.0	98094600.0	97428509.0	97429022.0	-665578.0
98094603.0	98104195.0	97429023.0	97438615.0	-665580.0
98104196.0	98104985.0	97438662.0	97439451.0	-665534.0
98104987.0	98105153.0	97439452.0	97439618.0	-665535.0
98107121.0	98108907.0	97490656.0	97492442.0	-616465.0
98108908.0	98117314.0	97492444.0	97500850.0	-616464.0
98117315.0	100021678.0	97500852.0	99405215.0	-616463.0
100021679.0	102662385.0	99405217.0	102045923.0	-616462.0
102662386.0	102679833.0	102045925.0	102063372.0	-616461.0
102679834.0	103089289.0	102063374.0	102472829.0	-616460.0
103089290.0	103512153.0	102472831.0	102895694.0	-616459.0
103512154.0	105768941.0	102895696.0	105152483.0	-616458.0
105768942.0	106436528.0	105152485.0	105820071.0	-616457.0
106436529.0	110109337.0	105820073.0	109492881.0	-616456.0
110251338.0	115920427.0	109493761.0	115162850.0	-757577.0
115920428.0	121564733.0	115162852.0	120807157.0	-757576.0
121564734.0	121639446.0	120807159.0	120881871.0	-757575.0
121639448.0	124524425.0	120881872.0	123766849.0	-757576.0
124524427.0	127398545.0	123766850.0	126640968.0	-757577.0
127398546.0	128299552.0	126640970.0	127541976.0	-757576.0
128299553.0	128408121.0	127541978.0	127650546.0	-757575.0
128408122.0	129767262.0	127650548.0	129009688.0	-757574.0
129767263.0	133885550.0	129009690.0	133127977.0	-757573.0
133885551.0	134158802.0	133127979.0	133401230.0	-757572.0
134158803.0	135328366.0	133401232.0	134570795.0	-757571.0
135328367.0	140274640.0	134570797.0	139517070.0	-757570.0
140274641.0	144625159.0	139517072.0	143867590.0	-757569.0
144625160.0	144672774.0	143867592.0	143915206.0	-757568.0
144672775.0	145955649.0	143915208.0	145198082.0	-757567.0
145955651.0	148447718.0	145198083.0	147690150.0	-757568.0
148447720.0	149690582.0	147690151.0	148933013.0	-757569.0
149790583.0	154335734.0	148934069.0	153479220.0	-856514.0
154335735.0	155166416.0	153479222.0	154309903.0	-856513.0
155166417.0	159984745.0	154309905.0	159128233.0	-856512.0
159984746.0	162365239.0	159128235.0	161508728.0	-856511.0
162365240.0	172792025.0	161508730.0	171935515.0	-856510.0
172792028.0	172794536.0	171935516.0	171938024.0	-856512.0
172794545.0	172799592.0	171938025.0	171943072.0	-856520.0
172799593.0	172799929.0	171943074.0	171943410.0	-856519.0
172799932.0	172800247.0	171943411.0	171943726.0	-856521.0
172800248.0	172802017.0	171943729.0	171945498.0	-856519.0
172802019.0	172806193.0	171945499.0	171949673.0	-856520.0
172806194.0	172808191.0	171949675.0	171951672.0	-856519.0
172808192.0	172810144.0	171951674.0	171953626.0	-856518.0
172810148.0	172812699.0	171953627.0	171956178.0	-856521.0
172812701.0	172813037.0	171956179.0	171956515.0	-856522.0
172813042.0	172818102.0	171956516.0	171961576.0	-856526.0
172818103.0	172821358.0	171961581.0	171964836.0	-856522.0
172821359.0	172827017.0	171964838.0	171970496.0	-856521.0
172827018.0	172829909.0	171970509.0	171973400.0	-856509.0
172829912.0	172831613.0	171973401.0	171975102.0	-856511.0
172831615.0	172832581.0	171975103.0	171976069.0	-856512.0
172841009.0	172842479.0	171976070.0	171977540.0	-864939.0
172842480.0	172843489.0	171977571.0	171978580.0	-864909.0
172843494.0	172845800.0	171978581.0	171980887.0	-864913.0
172845802.0	172852490.0	171980888.0	171987576.0	-864914.0
172852492.0	172852658.0	171987577.0	171987743.0	-864915.0
172852659.0	172855212.0	171987745.0	171990298.0	-864914.0
172855213.0	172857046.0	171990303.0	171992136.0	-864910.0
172857048.0	172861171.0	171992137.0	171996260.0	-864911.0
172861172.0	172866969.0	171996265.0	172002062.0	-864907.0
172866971.0	172871107.0	172002063.0	172006199.0	-864908.0
172871108.0	172872029.0	172006202.0	172007123.0	-864906.0
172872030.0	172873616.0	172007125.0	172008711.0	-864905.0
172873618.0	172875367.0	172008712.0	172010461.0	-864906.0
172875369.0	172878743.0	172010462.0	172013836.0	-864907.0
172878744.0	172881210.0	172013839.0	172016305.0	-864905.0
172881215.0	172882179.0	172016306.0	172017270.0	-864909.0
172882180.0	172883051.0	172017275.0	172018146.0	-864905.0
172883052.0	172888776.0	172018148.0	172023872.0	-864904.0
172888778.0	172889694.0	172023873.0	172024789.0	-864905.0
172889699.0	172893498.0	172024790.0	172028589.0	-864909.0
172893499.0	172901235.0	172028596.0	172036332.0	-864903.0
172901237.0	172902180.0	172036333.0	172037276.0	-864904.0
172902182.0	172902222.0	172037277.0	172037317.0	-864905.0
172902225.0	172902376.0	172037318.0	172037469.0	-864907.0
172902380.0	172904585.0	172037470.0	172039675.0	-864910.0
172904586.0	172905673.0	172039677.0	172040764.0	-864909.0
172905676.0	172906317.0	172040765.0	172041406.0	-864911.0
172906319.0	172906384.0	172041407.0	172041472.0	-864912.0
172906385.0	172906678.0	172041474.0	172041767.0	-864911.0
172906687.0	172907146.0	172041768.0	172042227.0	-864919.0
172907147.0	172907193.0	172042230.0	172042276.0	-864917.0
172907194.0	172907289.0	172042285.0	172042380.0	-864909.0
172907290.0	172907403.0	172042419.0	172042532.0	-864871.0
172907404.0	172907411.0	172042553.0	172042560.0	-864851.0
172907412.0	172907427.0	172042571.0	172042586.0	-864841.0
172907428.0	172907451.0	172042591.0	172042614.0	-864837.0
172907452.0	172907491.0	172042673.0	172042712.0	-864779.0
172907492.0	172907543.0	172042745.0	172042796.0	-864747.0
172907544.0	172907597.0	172042801.0	172042854.0	-864743.0
172907598.0	172907849.0	172042857.0	172043108.0	-864741.0
172907850.0	172909154.0	172043118.0	172044422.0	-864732.0
172909155.0	178665214.0	172044427.0	177800486.0	-864728.0
178665215.0	183700047.0	177800488.0	182835320.0	-864727.0
183700049.0	184591970.0	182835321.0	183727242.0	-864728.0
184591971.0	189665296.0	183727244.0	188800569.0	-864727.0
189665297.0	194109808.0	188800571.0	193245082.0	-864726.0
194109809.0	194449373.0	193245084.0	193584648.0	-864725.0
194449374.0	199861300.0	193584650.0	198996576.0	-864724.0
199861301.0	205953218.0	198996578.0	205088495.0	-864723.0
205953220.0	209224875.0	205088496.0	208360151.0	-864724.0
209224877.0	209484986.0	208360152.0	208620261.0	-864725.0
209484987.0	212013167.0	208620263.0	211148443.0	-864724.0
212013169.0	213189005.0	211148444.0	212324280.0	-864725.0
213189006.0	215923334.0	212324282.0	215058610.0	-864724.0
215923335.0	219729990.0	215058612.0	218865267.0	-864723.0
219729991.0	220664192.0	218865269.0	219799470.0	-864722.0
220664193.0	221499705.0	219799472.0	220634984.0	-864721.0
221499706.0	222781061.0	220634986.0	221916341.0	-864720.0
222781062.0	223685703.0	221916343.0	222820984.0	-864719.0
223685704.0	224478401.0	222820986.0	223613683.0	-864718.0
224478402.0	226190217.0	223613685.0	225325500.0	-864717.0
226190218.0	231069738.0	225325502.0	230205022.0	-864716.0
231069739.0	231918497.0	230205024.0	231053782.0	-864715.0
231918498.0	232065857.0	231053784.0	231201143.0	-864714.0
232065858.0	232184025.0	231201145.0	231319312.0	-864713.0
232184026.0	232225535.0	231319314.0	231360823.0	-864712.0
232225536.0	232539890.0	231360825.0	231675179.0	-864711.0
232539891.0	234003741.0	231675181.0	233139031.0	-864710.0
234053742.0	234807087.0	233145096.0	233898441.0	-908646.0
234807088.0	234844338.0	233898443.0	233935693.0	-908645.0
234844339.0	237073599.0	233935695.0	236164955.0	-908644.0
237073600.0	238781136.0	236164957.0	237872493.0	-908643.0
238781137.0	238931162.0	237872495.0	238022520.0	-908642.0
238931163.0	239801978.0	238022522.0	238893337.0	-908641.0
239831979.0	240205681.0	238910283.0	239283985.0	-921696.0
240205682.0	240319336.0	239283987.0	239397641.0	-921695.0
240319337.0	240784132.0	239397643.0	239862438.0	-921694.0
240809133.0	242004220.0	239869716.0	241064803.0	-939417.0
242004221.0	242006644.0	241064805.0	241067228.0	-939416.0
242006645.0	242744527.0	241067230.0	241805112.0	-939415.0
242744670.0	242744776.0	241805113.0	241805219.0	-939557.0
242744936.0	242744940.0	241805220.0	241805224.0	-939716.0
242745013.0	242745018.0	241805258.0	241805263.0	-939755.0
242745359.0	242745394.0	241805526.0	241805561.0	-939833.0
242745486.0	242745747.0	241805264.0	241805525.0	-940222.0
242745787.0	242745899.0	241805562.0	241805674.0	-940225.0
242745984.0	242746014.0	241805757.0	241805787.0	-940227.0
242746020.0	242746195.0	241805790.0	241805965.0	-940230.0
242746207.0	242746211.0	241805966.0	241805970.0	-940241.0
242746212.0	242746223.0	241805972.0	241805983.0	-940240.0
242746224.0	242746241.0	241805985.0	241806002.0	-940239.0
242746253.0	242746288.0	241806010.0	241806045.0	-940243.0
242746332.0	242746337.0	241806090.0	241806095.0	-940242.0
242746376.0	242746408.0	241805225.0	241805257.0	-941151.0
242746835.0	242746916.0	241805675.0	241805756.0	-941160.0
242746947.0	242746948.0	241805788.0	241805789.0	-941159.0
242747135.0	242747141.0	241806003.0	241806009.0	-941132.0
242747182.0	242747225.0	241806046.0	241806089.0	-941136.0
242747231.0	242747261.0	241806096.0	241806126.0	-941135.0
242747265.0	242747299.0	241806127.0	241806161.0	-941138.0
242747303.0	242747337.0	241806162.0	241806196.0	-941141.0
242747342.0	242747371.0	241806197.0	241806226.0	-941145.0
242747376.0	242747473.0	241806227.0	241806324.0	-941149.0
242747474.0	242747499.0	241806326.0	241806351.0	-941148.0
242747500.0	242747686.0	241806353.0	241806539.0	-941147.0
242747691.0	242747729.0	241806540.0	241806578.0	-941151.0
242747734.0	242747774.0	241806579.0	241806619.0	-941155.0
242747775.0	242747806.0	241806621.0	241806652.0	-941154.0
242747810.0	242747848.0	241806653.0	241806691.0	-941157.0
242747853.0	242747926.0	241806692.0	241806765.0	-941161.0
242747930.0	242748162.0	241806766.0	241806998.0	-941164.0
242748163.0	242748359.0	241807031.0	241807227.0	-941132.0
242748360.0	242748434.0	241807229.0	241807303.0	-941131.0
242748435.0	242748500.0	241807305.0	241807370.0	-941130.0
242748501.0	242748591.0	241807410.0	241807500.0	-941091.0
242748593.0	242748667.0	241807501.0	241807575.0	-941092.0
242748672.0	242748701.0	241807576.0	241807605.0	-941096.0
242748702.0	242748749.0	241807610.0	241807657.0	-941092.0
242748750.0	242748866.0	241807662.0	241807778.0	-941088.0
242748871.0	242748950.0	241807779.0	241807858.0	-941092.0
242748951.0	242748977.0	241807860.0	241807886.0	-941091.0
242748978.0	242749025.0	241807891.0	241807938.0	-941087.0
242749026.0	242749173.0	241807943.0	241808090.0	-941083.0
242749186.0	242753643.0	241808091.0	241812548.0	-941095.0
242753687.0	242755094.0	241812549.0	241813956.0	-941138.0
242755154.0	242756639.0	241813957.0	241815442.0	-941197.0
242756769.0	242759466.0	241815443.0	241818140.0	-941326.0
242759469.0	242760906.0	241818141.0	241819578.0	-941328.0
242760912.0	242761499.0	241819582.0	241820169.0	-941330.0
242761762.0	242761764.0	241819579.0	241819581.0	-942183.0
242762355.0	242765490.0	241820170.0	241823305.0	-942185.0
242765491.0	242765508.0	241823308.0	241823325.0	-942183.0
242765513.0	242765556.0	241823326.0	241823369.0	-942187.0
242765557.0	242765577.0	241823382.0	241823402.0	-942175.0
242765583.0	242765599.0	241823403.0	241823419.0	-942180.0
242765600.0	242765613.0	241823432.0	241823445.0	-942168.0
242765614.0	242765645.0	241823448.0	241823479.0	-942166.0
242765646.0	242765649.0	241823484.0	241823487.0	-942162.0
242765650.0	242765721.0	241823492.0	241823563.0	-942158.0
242765722.0	242765766.0	241823566.0	241823610.0	-942156.0
242765770.0	242765965.0	241823611.0	241823806.0	-942159.0
242765986.0	242767039.0	241823807.0	241824860.0	-942179.0
242767040.0	242770233.0	241824862.0	241828055.0	-942178.0
242770234.0	242777412.0	241828057.0	241835235.0	-942177.0
242777413.0	242816309.0	241835261.0	241874157.0	-942152.0
242816310.0	243100000.0	241874159.0	242157849.0	-942151.0
243152477.0	243178156.0	242157850.0	242183529.0	-994627.0
