60001.0	64026.0	18323.0	22348.0	-41678.0
64027.0	73073.0	22353.0	31399.0	-41674.0
73074.0	74815.0	31401.0	33142.0	-41673.0
74817.0	81721.0	33143.0	40047.0	-41674.0
81722.0	84087.0	40050.0	42415.0	-41672.0
84098.0	91785.0	42416.0	50103.0	-41682.0
91787.0	668453.0	50104.0	626770.0	-41683.0
668455.0	788255.0	626771.0	746571.0	-41684.0
788256.0	970259.0	746573.0	928576.0	-41683.0
970261.0	4940288.0	928577.0	4898604.0	-41684.0
4940290.0	5434014.0	4898605.0	5392329.0	-41685.0
5434016.0	5504334.0	5392330.0	5462648.0	-41686.0
5504336.0	8335815.0	5462649.0	8294128.0	-41687.0
8335817.0	8380658.0	8294129.0	8338970.0	-41688.0
8380659.0	8381302.0	8338972.0	8339615.0	-41687.0
8381303.0	8864925.0	8339617.0	8823239.0	-41686.0
8864926.0	8876884.0	8823241.0	8835199.0	-41685.0
8876885.0	10632176.0	8835201.0	10590492.0	-41684.0
10632178.0	10966942.0	10590493.0	10925257.0	-41685.0
10966944.0	11334336.0	10925258.0	11292650.0	-41686.0
11334337.0	11334337.0	11292757.0	11292757.0	-41580.0
11334338.0	12046238.0	11292864.0	12004764.0	-41474.0
12046265.0	12289311.0	12004765.0	12247811.0	-41500.0
12289312.0	12942851.0	12247813.0	12901352.0	-41499.0
12942853.0	13715671.0	12901353.0	13674171.0	-41500.0
13715672.0	13761036.0	13674173.0	13719537.0	-41499.0
13761037.0	13783732.0	13719539.0	13742234.0	-41498.0
13783733.0	13977202.0	13742236.0	13935705.0	-41497.0
13977204.0	13977408.0	13935706.0	13935910.0	-41498.0
13977410.0	13977528.0	13935911.0	13936029.0	-41499.0
13977530.0	14444243.0	13936030.0	14402743.0	-41500.0
14444245.0	14444249.0	14402744.0	14402748.0	-41501.0
14444251.0	14444276.0	14402749.0	14402774.0	-41502.0
14444278.0	14444285.0	14402775.0	14402782.0	-41503.0
14444287.0	14444308.0	14402783.0	14402804.0	-41504.0
14444310.0	14444318.0	14402805.0	14402813.0	-41505.0
14444320.0	14444326.0	14402814.0	14402820.0	-41506.0
14444328.0	14444329.0	14402821.0	14402822.0	-41507.0
14444331.0	14561629.0	14402823.0	14520121.0	-41508.0
14561630.0	16843766.0	14520123.0	16802259.0	-41507.0
16843768.0	16849480.0	16802260.0	16807972.0	-41508.0
16849481.0	16858000.0	16807979.0	16816498.0	-41502.0
16858002.0	16865150.0	16816499.0	16823647.0	-41503.0
16865151.0	16870419.0	16823652.0	16828920.0	-41499.0
16870422.0	16879855.0	16828921.0	16838354.0	-41501.0
16879859.0	16882650.0	16838355.0	16841146.0	-41504.0
16882654.0	16890634.0	16841147.0	16849127.0	-41507.0
16890636.0	16892519.0	16849128.0	16851011.0	-41508.0
16892522.0	16893251.0	16851012.0	16851741.0	-41510.0
16893254.0	16901102.0	16851742.0	16859590.0	-41512.0
16901107.0	16902906.0	16859591.0	16861390.0	-41516.0
16902907.0	16904012.0	16861395.0	16862500.0	-41512.0
16904013.0	16904220.0	16862502.0	16862709.0	-41511.0
16904222.0	16904630.0	16862710.0	16863118.0	-41512.0
16904631.0	16910247.0	16863120.0	16868736.0	-41511.0
16910248.0	16911950.0	16868745.0	16870447.0	-41503.0
16911951.0	16912121.0	16870449.0	16870619.0	-41502.0
16912123.0	16920005.0	16870620.0	16878502.0	-41503.0
16920006.0	16923525.0	16878508.0	16882027.0	-41498.0
16923526.0	16926406.0	16882033.0	16884913.0	-41493.0
16926408.0	16926446.0	16884914.0	16884952.0	-41494.0
16926447.0	16926521.0	16884954.0	16885028.0	-41493.0
16926523.0	16926524.0	16885029.0	16885030.0	-41494.0
16926526.0	16926539.0	16885031.0	16885044.0	-41495.0
16926541.0	16926543.0	16885045.0	16885047.0	-41496.0
16926548.0	16926552.0	16885048.0	16885052.0	-41500.0
16926553.0	16926561.0	16885055.0	16885063.0	-41498.0
16926563.0	16933938.0	16885064.0	16892439.0	-41499.0
16933939.0	16940332.0	16892441.0	16898834.0	-41498.0
16940334.0	16940380.0	16898835.0	16898881.0	-41499.0
16940381.0	16940394.0	16898883.0	16898896.0	-41498.0
16940395.0	16940415.0	16898898.0	16898918.0	-41497.0
16940416.0	16944376.0	16898920.0	16902880.0	-41496.0
16944377.0	22296492.0	16902885.0	22255000.0	-41492.0
22296493.0	30351531.0	22255002.0	30310040.0	-41491.0
30351533.0	36703319.0	30310041.0	36661827.0	-41492.0
36703320.0	41725081.0	36661829.0	41683590.0	-41491.0
41725083.0	46242679.0	41683591.0	46201187.0	-41492.0
46242680.0	46490735.0	46201189.0	46449244.0	-41491.0
46490736.0	48428445.0	46449246.0	48386955.0	-41490.0
48428447.0	48428943.0	48386956.0	48387452.0	-41491.0
48428945.0	48429054.0	48387453.0	48387562.0	-41492.0
48429055.0	48432612.0	48387567.0	48391124.0	-41488.0
48432613.0	48433507.0	48391136.0	48392030.0	-41477.0
48433509.0	48433950.0	48392031.0	48392472.0	-41478.0
48433951.0	48434476.0	48392476.0	48393001.0	-41475.0
48434477.0	48435260.0	48393013.0	48393796.0	-41464.0
48435262.0	48438206.0	48393797.0	48396741.0	-41465.0
48438208.0	48438888.0	48396742.0	48397422.0	-41466.0
48438889.0	48440259.0	48397424.0	48398794.0	-41465.0
48440264.0	48441820.0	48398795.0	48400351.0	-41469.0
48441821.0	48450712.0	48400414.0	48409305.0	-41407.0
48450714.0	48451301.0	48409306.0	48409893.0	-41408.0
48451303.0	48473022.0	48409894.0	48431613.0	-41409.0
48473024.0	48482909.0	48431614.0	48441499.0	-41410.0
48482911.0	48483442.0	48441500.0	48442031.0	-41411.0
48483443.0	48483688.0	48442033.0	48442278.0	-41410.0
48483689.0	48484673.0	48442280.0	48443264.0	-41409.0
48484674.0	48486595.0	48443266.0	48445187.0	-41408.0
48486596.0	48489585.0	48445192.0	48448181.0	-41404.0
48489587.0	48490842.0	48448182.0	48449437.0	-41405.0
48490844.0	48494295.0	48449438.0	48452889.0	-41406.0
48494296.0	48499736.0	48452896.0	48458336.0	-41400.0
48499737.0	48512818.0	48458338.0	48471419.0	-41399.0
48512827.0	48512985.0	48471420.0	48471578.0	-41407.0
48512988.0	48522850.0	48471579.0	48481441.0	-41409.0
48522861.0	48525141.0	48481442.0	48483722.0	-41419.0
48525142.0	48525648.0	48483771.0	48484277.0	-41371.0
48525650.0	48527632.0	48484278.0	48486260.0	-41372.0
48527633.0	48527641.0	48486288.0	48486296.0	-41345.0
48527642.0	48527659.0	48486351.0	48486368.0	-41291.0
48527660.0	48530448.0	48486407.0	48489195.0	-41253.0
48530449.0	48533402.0	48489197.0	48492150.0	-41252.0
48533406.0	48533722.0	48492151.0	48492467.0	-41255.0
48533723.0	48533733.0	48492472.0	48492482.0	-41251.0
48533734.0	48535332.0	48496301.0	48497899.0	-37433.0
48535334.0	48537298.0	48497900.0	48499864.0	-37434.0
48537299.0	50251835.0	48499866.0	50214402.0	-37433.0
50251836.0	50306757.0	50214404.0	50269325.0	-37432.0
50306758.0	51439997.0	50269327.0	51402566.0	-37431.0
51440001.0	51444613.0	51402567.0	51407179.0	-37434.0
51444614.0	51445417.0	51407181.0	51407984.0	-37433.0
51445423.0	51447945.0	51407985.0	51410507.0	-37438.0
51447962.0	51459327.0	51410508.0	51421873.0	-37454.0
51459328.0	51465782.0	51421877.0	51428331.0	-37451.0
51465784.0	51468001.0	51428332.0	51430549.0	-37452.0
51468002.0	51468970.0	51430551.0	51431519.0	-37451.0
51468971.0	51469528.0	51431521.0	51432078.0	-37450.0
51469529.0	51469582.0	51435519.0	51435572.0	-34010.0
51469586.0	51469591.0	51435573.0	51435578.0	-34013.0
51469592.0	51469737.0	51435582.0	51435727.0	-34010.0
51469739.0	51470309.0	51435728.0	51436298.0	-34011.0
51470311.0	51471301.0	51436299.0	51437289.0	-34012.0
51471302.0	51471389.0	51437291.0	51437378.0	-34011.0
51471391.0	51471393.0	51437379.0	51437381.0	-34012.0
51471397.0	51473474.0	51437382.0	51439459.0	-34015.0
51473476.0	53315149.0	51439460.0	53281133.0	-34016.0
53315154.0	53318574.0	53281134.0	53284554.0	-34020.0
53318575.0	53324767.0	53284557.0	53290749.0	-34018.0
53324774.0	53324819.0	53290750.0	53290795.0	-34024.0
53324826.0	53348697.0	53290796.0	53314667.0	-34030.0
53348698.0	53349786.0	53314669.0	53315757.0	-34029.0
53349787.0	53350624.0	53315759.0	53316596.0	-34028.0
53350625.0	55192385.0	53316598.0	55158358.0	-34027.0
55192387.0	57387036.0	55158359.0	57353008.0	-34028.0
57387162.0	58787430.0	57401435.0	58801703.0	14273.0
58787431.0	60096219.0	58801705.0	60110493.0	14274.0
60096221.0	60125244.0	60110494.0	60139517.0	14273.0
60125246.0	60258337.0	60139518.0	60272609.0	14272.0
60258339.0	60292767.0	60272610.0	60307038.0	14271.0
60292769.0	60318067.0	60307039.0	60332337.0	14270.0
60318069.0	60336030.0	60332338.0	60350299.0	14269.0
60336032.0	60351862.0	60350300.0	60366130.0	14268.0
60351864.0	60783218.0	60366131.0	60797485.0	14267.0
60783219.0	60783869.0	60797498.0	60798148.0	14279.0
60783871.0	60783961.0	60798149.0	60798239.0	14278.0
60783962.0	60784445.0	60798241.0	60798724.0	14279.0
60784446.0	60784488.0	60798729.0	60798771.0	14283.0
60784489.0	60785211.0	60798776.0	60799498.0	14287.0
60785212.0	60785799.0	60799509.0	60800096.0	14297.0
60785801.0	60788485.0	60800097.0	60802781.0	14296.0
60788487.0	60802409.0	60802782.0	60816704.0	14295.0
60802410.0	60804736.0	60816706.0	60819032.0	14296.0
60804737.0	60806676.0	60819045.0	60820984.0	14308.0
60806680.0	60807193.0	60820985.0	60821498.0	14305.0
60807194.0	60811898.0	60821500.0	60826204.0	14306.0
60811899.0	60812015.0	60826213.0	60826329.0	14314.0
60812016.0	60812465.0	60826345.0	60826794.0	14329.0
60812466.0	60820559.0	60826805.0	60834898.0	14339.0
60820562.0	60820924.0	60834899.0	60835261.0	14337.0
60820926.0	60828283.0	60835262.0	60842619.0	14336.0
60828284.0	60828299.0	60842630.0	60842645.0	14346.0
60828309.0	60829331.0	60842646.0	60843668.0	14337.0
60829341.0	61059610.0	60843669.0	61073938.0	14328.0
61059612.0	61169874.0	61073939.0	61184201.0	14327.0
61169876.0	62233577.0	61184202.0	62247903.0	14326.0
62233579.0	62983573.0	62247904.0	62997898.0	14325.0
62983575.0	64793401.0	62997899.0	64807725.0	14324.0
64793402.0	66170269.0	64807727.0	66184594.0	14325.0
66270271.0	66272625.0	66219845.0	66222199.0	-50426.0
66272627.0	66273944.0	66222200.0	66223517.0	-50427.0
66273945.0	66276914.0	66223519.0	66226488.0	-50426.0
66276915.0	66277305.0	66226492.0	66226882.0	-50423.0
66277307.0	68006580.0	66226883.0	67956156.0	-50424.0
68006581.0	68006914.0	67956163.0	67956496.0	-50418.0
68006915.0	68009238.0	67956498.0	67958821.0	-50417.0
68009239.0	68009565.0	67958824.0	67959150.0	-50415.0
68009566.0	68012844.0	67960425.0	67963703.0	-49141.0
68012847.0	68018755.0	67963704.0	67969612.0	-49143.0
68018759.0	68027679.0	67969613.0	67978533.0	-49146.0
68027682.0	68031963.0	67978534.0	67982815.0	-49148.0
68031965.0	68034578.0	67982816.0	67985429.0	-49149.0
68034579.0	68038226.0	67985436.0	67989083.0	-49143.0
68038227.0	68038567.0	67989086.0	67989426.0	-49141.0
68038574.0	68038833.0	67989427.0	67989686.0	-49147.0
68038834.0	68039786.0	67989696.0	67990648.0	-49138.0
68039791.0	68048432.0	67990649.0	67999290.0	-49142.0
68048437.0	68052793.0	67999291.0	68003647.0	-49146.0
68052794.0	68064435.0	68003651.0	68015292.0	-49143.0
68064437.0	68070329.0	68015293.0	68021185.0	-49144.0
68070333.0	68071989.0	68021186.0	68022842.0	-49147.0
68071990.0	68073950.0	68022845.0	68024805.0	-49145.0
68073957.0	68077902.0	68024806.0	68028751.0	-49151.0
68077903.0	68478096.0	68028753.0	68428946.0	-49150.0
68478098.0	78270572.0	68428947.0	78221421.0	-49151.0
78270573.0	80650492.0	78221423.0	80601342.0	-49150.0
80650494.0	85159855.0	80601343.0	85110704.0	-49151.0
85159856.0	90504854.0	85110706.0	90455704.0	-49150.0
93504855.0	105602144.0	93786011.0	105883300.0	281156.0
105602148.0	120674049.0	105883301.0	120955202.0	281153.0
120676241.0	124646708.0	120957394.0	124927861.0	281153.0
124646709.0	125434713.0	124927865.0	125715869.0	281156.0
125434714.0	130114409.0	125715871.0	130395566.0	281157.0
130114411.0	133969438.0	130395567.0	134250594.0	281156.0
133969439.0	133969490.0	134250596.0	134250647.0	281157.0
133969491.0	144788988.0	134250649.0	145070146.0	281158.0
144788991.0	144790781.0	145070147.0	145071937.0	281156.0
144790782.0	144796303.0	145073032.0	145078553.0	282250.0
144796304.0	144796630.0	145078555.0	145078881.0	282251.0
144796654.0	144800385.0	145078882.0	145082613.0	282228.0
144800387.0	144801372.0	145082614.0	145083599.0	282227.0
144801376.0	144802525.0	145083600.0	145084749.0	282224.0
144802526.0	144809006.0	145084752.0	145091232.0	282226.0
144809014.0	144813893.0	145091233.0	145096112.0	282219.0
144813894.0	144817371.0	145096114.0	145099591.0	282220.0
144817406.0	144817416.0	145099592.0	145099602.0	282186.0
144817421.0	144818609.0	145099603.0	145100791.0	282182.0
144818624.0	144822268.0	145100792.0	145104436.0	282168.0
144822269.0	144825461.0	145104438.0	145107630.0	282169.0
144825462.0	144827007.0	145107667.0	145109212.0	282205.0
144827009.0	144831320.0	145109213.0	145113524.0	282204.0
144831321.0	144835613.0	145113528.0	145117820.0	282207.0
144835614.0	144835957.0	145117822.0	145118165.0	282208.0
144835961.0	144848145.0	145118166.0	145130350.0	282205.0
144848146.0	144849228.0	145130352.0	145131434.0	282206.0
144849229.0	144851445.0	145131439.0	145133655.0	282210.0
144851448.0	144861833.0	145133656.0	145144041.0	282208.0
144861835.0	144864354.0	145144042.0	145146561.0	282207.0
144864355.0	144864407.0	145146564.0	145146616.0	282209.0
144864409.0	144867359.0	145146617.0	145149567.0	282208.0
144867360.0	144869118.0	145149575.0	145151333.0	282215.0
144869121.0	150927918.0	145151334.0	151210131.0	282213.0
150927920.0	151685241.0	151210132.0	151967453.0	282212.0
151685243.0	159648679.0	151967454.0	159930890.0	282211.0
159648680.0	159705759.0	159930892.0	159987971.0	282212.0
159705760.0	159973842.0	159987973.0	160256055.0	282213.0
159973844.0	170197789.0	160256056.0	170480001.0	282212.0
170197791.0	171266911.0	170480002.0	171549122.0	282211.0
171266913.0	174956991.0	171549123.0	175239201.0	282210.0
174956992.0	175136004.0	175239203.0	175418215.0	282211.0
175136005.0	185675415.0	175418217.0	185957627.0	282212.0
185675417.0	186659166.0	185957628.0	186941377.0	282211.0
186659167.0	188602082.0	186941379.0	188884294.0	282212.0
188602084.0	194041961.0	188884295.0	194324172.0	282211.0
194047252.0	195179559.0	194326523.0	195458830.0	279271.0
195179560.0	195179705.0	195458843.0	195458988.0	279283.0
195179707.0	195180651.0	195458989.0	195459933.0	279282.0
195180652.0	195181955.0	195459936.0	195461239.0	279284.0
195181956.0	195182265.0	195461242.0	195461551.0	279286.0
195182269.0	195184793.0	195461552.0	195464076.0	279283.0
195184795.0	195186980.0	195464077.0	195466262.0	279282.0
195186982.0	195194122.0	195466263.0	195473403.0	279281.0
195194123.0	195194123.0	195473418.0	195473418.0	279295.0
195194127.0	195194149.0	195473419.0	195473441.0	279292.0
195194157.0	195194289.0	195473442.0	195473574.0	279285.0
195194290.0	195194600.0	195473582.0	195473892.0	279292.0
195194601.0	195195597.0	195473898.0	195474894.0	279297.0
195195606.0	195195614.0	195474895.0	195474903.0	279289.0
195195622.0	195195646.0	195474904.0	195474928.0	279282.0
195195647.0	195196564.0	195474934.0	195475851.0	279287.0
195196565.0	195197222.0	195475853.0	195476510.0	279288.0
195197224.0	195199024.0	195476511.0	195478311.0	279287.0
195199025.0	195199370.0	195478350.0	195478695.0	279325.0
195199373.0	195199373.0	195478696.0	195478696.0	279323.0
195199374.0	195199673.0	195478699.0	195478998.0	279325.0
195199674.0	195200281.0	195479007.0	195479614.0	279333.0
195200282.0	195200285.0	195479629.0	195479632.0	279347.0
195200286.0	195200956.0	195479646.0	195480316.0	279360.0
195200957.0	195201430.0	195480344.0	195480817.0	279387.0
195201431.0	195201797.0	195480845.0	195481211.0	279414.0
195201798.0	195201805.0	195481214.0	195481221.0	279416.0
195201811.0	195202054.0	195481222.0	195481465.0	279411.0
195202055.0	195202404.0	195481503.0	195481852.0	279448.0
195202407.0	195202409.0	195481853.0	195481855.0	279446.0
195202410.0	195202514.0	195481858.0	195481962.0	279448.0
195202515.0	195202670.0	195482001.0	195482156.0	279486.0
195202671.0	195202676.0	195482159.0	195482164.0	279488.0
195202677.0	195203468.0	195482201.0	195482992.0	279524.0
195203469.0	195203472.0	195482995.0	195482998.0	279526.0
195203473.0	195203844.0	195483062.0	195483433.0	279589.0
195203845.0	195204020.0	195483461.0	195483636.0	279616.0
195204156.0	195204270.0	195499417.0	195499531.0	295261.0
195204287.0	195204316.0	195490234.0	195490263.0	285947.0
195204357.0	195204498.0	195499617.0	195499758.0	295260.0
195204773.0	195204861.0	195500033.0	195500121.0	295260.0
195204862.0	195204988.0	195500160.0	195500286.0	295298.0
195204989.0	195204996.0	195500289.0	195500296.0	295300.0
195204999.0	195205351.0	195500297.0	195500649.0	295298.0
195205352.0	195205785.0	195491326.0	195491759.0	285974.0
195205834.0	195205840.0	195501132.0	195501138.0	295298.0
195205852.0	195206360.0	195501139.0	195501647.0	295287.0
195206564.0	195206884.0	195498001.0	195498321.0	291437.0
195206885.0	195206962.0	195490742.0	195490819.0	283857.0
195206965.0	195206965.0	195490820.0	195490820.0	283855.0
195206966.0	195207054.0	195490825.0	195490913.0	283859.0
195207059.0	195207064.0	195486878.0	195486883.0	279819.0
195207074.0	195207152.0	195490933.0	195491011.0	283859.0
195207153.0	195207300.0	195491077.0	195491224.0	283924.0
195207301.0	195207645.0	195498805.0	195499149.0	291504.0
195207646.0	195207653.0	195499152.0	195499159.0	291506.0
195207656.0	195207762.0	195499160.0	195499266.0	291504.0
195207763.0	195207769.0	195499269.0	195499275.0	291506.0
195207775.0	195207915.0	195499276.0	195499416.0	291501.0
195208037.0	195208227.0	195487883.0	195488073.0	279846.0
195208335.0	195208472.0	195498547.0	195498684.0	290212.0
195209210.0	195209291.0	195499532.0	195499613.0	290322.0
195209397.0	195209670.0	195499759.0	195500032.0	290362.0
195210039.0	195210053.0	195485967.0	195485981.0	275928.0
195210054.0	195210282.0	195486009.0	195486237.0	275955.0
195210283.0	195210404.0	195486265.0	195486386.0	275982.0
195210495.0	195210548.0	195486478.0	195486531.0	275983.0
195210555.0	195210565.0	195500993.0	195501003.0	290438.0
195210584.0	195210624.0	195501022.0	195501062.0	290438.0
195210960.0	195211016.0	195494376.0	195494432.0	283416.0
195211244.0	195211252.0	195494660.0	195494668.0	283416.0
195211321.0	195211595.0	195494764.0	195495038.0	283443.0
195211642.0	195211643.0	195495085.0	195495086.0	283443.0
195211711.0	195211755.0	195495151.0	195495195.0	283440.0
195212163.0	195212166.0	195495619.0	195495622.0	283456.0
195212566.0	195212807.0	195496084.0	195496325.0	283518.0
195212816.0	195212823.0	195496371.0	195496378.0	283555.0
195212836.0	195213078.0	195496402.0	195496644.0	283566.0
195213079.0	195213227.0	195496694.0	195496842.0	283615.0
195213229.0	195213280.0	195496843.0	195496894.0	283614.0
195213281.0	195213349.0	195496933.0	195497001.0	283652.0
195213350.0	195213512.0	195497040.0	195497202.0	283690.0
195213515.0	195213589.0	195497203.0	195497277.0	283688.0
195213610.0	195213614.0	195500122.0	195500126.0	286512.0
195213615.0	195213698.0	195497303.0	195497386.0	283688.0
195213699.0	195213802.0	195497452.0	195497555.0	283753.0
195213803.0	195214209.0	195497594.0	195498000.0	283791.0
195214611.0	195214664.0	195487086.0	195487139.0	272475.0
195214692.0	195214991.0	195487178.0	195487477.0	272486.0
195215052.0	195215071.0	195483434.0	195483453.0	268382.0
195215228.0	195215396.0	195483637.0	195483805.0	268409.0
195215397.0	195215401.0	195483841.0	195483845.0	268444.0
195215402.0	195215448.0	195483849.0	195483895.0	268447.0
195215462.0	195215483.0	195483909.0	195483930.0	268447.0
195215516.0	195216086.0	195483963.0	195484533.0	268447.0
195216087.0	195216611.0	195484537.0	195485061.0	268450.0
195216612.0	195216725.0	195485102.0	195485215.0	268490.0
195216726.0	195216778.0	195485254.0	195485306.0	268528.0
195216779.0	195216810.0	195485345.0	195485376.0	268566.0
195216811.0	195216830.0	195485388.0	195485407.0	268577.0
195216831.0	195216834.0	195485411.0	195485414.0	268580.0
195216835.0	195216846.0	195485450.0	195485461.0	268615.0
195216849.0	195216854.0	195485462.0	195485467.0	268613.0
195216855.0	195217170.0	195485470.0	195485785.0	268615.0
195217173.0	195217353.0	195485786.0	195485966.0	268613.0
195217618.0	195217695.0	195486400.0	195486477.0	268782.0
195217750.0	195218058.0	195486532.0	195486840.0	268782.0
195218064.0	195218265.0	195486884.0	195487085.0	268820.0
195218282.0	195218319.0	195487140.0	195487177.0	268858.0
195218571.0	195218710.0	195487478.0	195487617.0	268907.0
195219052.0	195220506.0	195491760.0	195493214.0	272708.0
195220518.0	195220537.0	195493215.0	195493234.0	272697.0
195220539.0	195220541.0	195493235.0	195493237.0	272696.0
195220542.0	195220582.0	195493239.0	195493279.0	272697.0
195220610.0	195220655.0	195493280.0	195493325.0	272670.0
195220732.0	195220743.0	195486388.0	195486399.0	265656.0
195220861.0	195221239.0	195493532.0	195493910.0	272671.0
195221589.0	195221614.0	195501765.0	195501790.0	280176.0
195221848.0	195222008.0	195487618.0	195487778.0	265770.0
195222009.0	195222049.0	195487784.0	195487824.0	265775.0
195222064.0	195222065.0	195487839.0	195487840.0	265775.0
195222428.0	195222529.0	195494433.0	195494534.0	272005.0
195222724.0	195222758.0	195494729.0	195494763.0	272005.0
195222996.0	195223041.0	195495039.0	195495084.0	272043.0
195223054.0	195223110.0	195495094.0	195495150.0	272040.0
195223118.0	195223540.0	195495196.0	195495618.0	272078.0
195223545.0	195223970.0	195495623.0	195496048.0	272078.0
195224167.0	195224182.0	195496355.0	195496370.0	272188.0
195224202.0	195224213.0	195496390.0	195496401.0	272188.0
195224366.0	195224379.0	195490291.0	195490304.0	265925.0
195224403.0	195224482.0	195490328.0	195490407.0	265925.0
195224502.0	195224707.0	195493326.0	195493531.0	268824.0
195225000.0	195225464.0	195493911.0	195494375.0	268911.0
195225586.0	195225710.0	195494535.0	195494659.0	268949.0
195225711.0	195225716.0	195494681.0	195494686.0	268970.0
195225717.0	195225752.0	195494693.0	195494728.0	268976.0
195226364.0	195226370.0	195495087.0	195495093.0	268723.0
195226803.0	195226851.0	195488430.0	195488478.0	261627.0
195226879.0	195226886.0	195488506.0	195488513.0	261627.0
195226888.0	195226891.0	195488514.0	195488517.0	261626.0
195226892.0	195227009.0	195488519.0	195488636.0	261627.0
195227010.0	195227097.0	195488640.0	195488727.0	261630.0
195227152.0	195227265.0	195488782.0	195488895.0	261630.0
195227266.0	195227376.0	195488897.0	195489007.0	261631.0
195227380.0	195227381.0	195489008.0	195489009.0	261628.0
195227382.0	195227686.0	195489013.0	195489317.0	261631.0
195227689.0	195227887.0	195489318.0	195489516.0	261629.0
195227888.0	195227894.0	195489518.0	195489524.0	261630.0
195227907.0	195228047.0	195489525.0	195489665.0	261618.0
195228048.0	195228094.0	195489667.0	195489713.0	261619.0
195228228.0	195228342.0	195500682.0	195500796.0	272454.0
195228343.0	195228527.0	195500808.0	195500992.0	272465.0
195228557.0	195228594.0	195501063.0	195501100.0	272506.0
195228595.0	195228614.0	195501112.0	195501131.0	272517.0
195229066.0	195229182.0	195501648.0	195501764.0	272582.0
195229183.0	195229221.0	195501803.0	195501841.0	272620.0
195229222.0	195229273.0	195501844.0	195501895.0	272622.0
195229274.0	195229365.0	195501931.0	195502022.0	272657.0
195229366.0	195229380.0	195502061.0	195502075.0	272695.0
195229381.0	195229399.0	195502087.0	195502105.0	272706.0
195229400.0	195229403.0	195502109.0	195502112.0	272709.0
195229404.0	195229415.0	195502148.0	195502159.0	272744.0
195229416.0	195229422.0	195502191.0	195502197.0	272775.0
195229423.0	195229923.0	195502204.0	195502704.0	272781.0
195229924.0	195229925.0	195502707.0	195502708.0	272783.0
195229928.0	195230236.0	195502709.0	195503017.0	272781.0
195230237.0	195230489.0	195503021.0	195503273.0	272784.0
195230490.0	195230600.0	195503275.0	195503385.0	272785.0
195230601.0	195230892.0	195503424.0	195503715.0	272823.0
195230893.0	195230960.0	195503754.0	195503821.0	272861.0
195230961.0	195231044.0	195503887.0	195503970.0	272926.0
195231045.0	195231530.0	195503972.0	195504457.0	272927.0
195231531.0	195231679.0	195504469.0	195504617.0	272938.0
195231680.0	195232036.0	195504655.0	195505011.0	272975.0
195232037.0	195232057.0	195505050.0	195505070.0	273013.0
195232058.0	195232101.0	195505072.0	195505115.0	273014.0
195232102.0	195232193.0	195505192.0	195505283.0	273090.0
195232194.0	195232265.0	195505382.0	195505453.0	273188.0
195232268.0	195232270.0	195505454.0	195505456.0	273186.0
195232271.0	195233665.0	195505462.0	195506856.0	273191.0
195233667.0	195234668.0	195506857.0	195507858.0	273190.0
195234669.0	195234838.0	195507861.0	195508030.0	273192.0
195234840.0	195237698.0	195508031.0	195510889.0	273191.0
195237699.0	195237868.0	195510892.0	195511061.0	273193.0
195237869.0	195238177.0	195511067.0	195511375.0	273198.0
195238178.0	195238841.0	195511378.0	195512041.0	273200.0
195238842.0	195241819.0	195512046.0	195515023.0	273204.0
195241821.0	195243011.0	195515024.0	195516214.0	273203.0
195243013.0	195245448.0	195516215.0	195518650.0	273202.0
195245449.0	195246714.0	195518652.0	195519917.0	273203.0
195246715.0	195248109.0	195519920.0	195521314.0	273205.0
195248113.0	195252901.0	195521315.0	195526103.0	273202.0
195252905.0	195259016.0	195526104.0	195532215.0	273199.0
195259018.0	195263095.0	195532216.0	195536293.0	273198.0
195263096.0	195264013.0	195536296.0	195537213.0	273200.0
195264017.0	195264284.0	195537214.0	195537481.0	273197.0
195264305.0	195265348.0	195537482.0	195538525.0	273177.0
195265350.0	195268279.0	195538526.0	195541455.0	273176.0
195268280.0	195271665.0	195541457.0	195544842.0	273177.0
195271666.0	195272284.0	195544853.0	195545471.0	273187.0
195272290.0	195274602.0	195545472.0	195547784.0	273182.0
195274604.0	195278174.0	195547785.0	195551355.0	273181.0
195278175.0	195281943.0	195551357.0	195555125.0	273182.0
195281950.0	195282605.0	195555126.0	195555781.0	273176.0
195282607.0	195282932.0	195555782.0	195556107.0	273175.0
195282933.0	195283714.0	195556109.0	195556890.0	273176.0
195283732.0	195284628.0	195556891.0	195557787.0	273159.0
195284630.0	195286462.0	195557788.0	195559620.0	273158.0
195286464.0	195286938.0	195559621.0	195560095.0	273157.0
195286966.0	195293276.0	195560096.0	195566406.0	273130.0
195293278.0	197962430.0	195566407.0	198235559.0	273129.0
