60001.0	892957.0	60001.0	892957.0	0.0
892959.0	895453.0	892958.0	895452.0	-1.0
895455.0	898052.0	895453.0	898050.0	-2.0
898059.0	901792.0	898051.0	901784.0	-8.0
901793.0	902933.0	901786.0	902926.0	-7.0
902934.0	903432.0	902928.0	903426.0	-6.0
903435.0	904080.0	903427.0	904072.0	-8.0
904081.0	904746.0	904081.0	904746.0	0.0
904751.0	904761.0	904747.0	904757.0	-4.0
904765.0	904782.0	904758.0	904775.0	-7.0
904787.0	905124.0	904776.0	905113.0	-11.0
905127.0	905152.0	905114.0	905139.0	-13.0
905157.0	906262.0	905140.0	906245.0	-17.0
906270.0	906450.0	906251.0	906431.0	-19.0
906463.0	906474.0	906439.0	906450.0	-24.0
906848.0	906852.0	906246.0	906250.0	-602.0
907015.0	907021.0	906432.0	906438.0	-583.0
907039.0	909647.0	906451.0	909059.0	-588.0
909648.0	909680.0	909258.0	909290.0	-390.0
909681.0	909718.0	909292.0	909329.0	-389.0
909719.0	909910.0	909371.0	909562.0	-348.0
909911.0	909938.0	909601.0	909628.0	-310.0
909939.0	911774.0	909667.0	911502.0	-272.0
911775.0	915923.0	911525.0	915673.0	-250.0
915924.0	916036.0	915677.0	915789.0	-247.0
916043.0	917528.0	915790.0	917275.0	-253.0
917529.0	927956.0	917280.0	927707.0	-249.0
927961.0	933989.0	927708.0	933736.0	-253.0
933991.0	937693.0	933737.0	937439.0	-254.0
937694.0	946141.0	937446.0	945893.0	-248.0
946142.0	946662.0	945898.0	946418.0	-244.0
946663.0	949063.0	946420.0	948820.0	-243.0
949064.0	957950.0	948823.0	957709.0	-241.0
957951.0	958809.0	957712.0	958570.0	-239.0
958810.0	961286.0	958572.0	961048.0	-238.0
961288.0	969680.0	961049.0	969441.0	-239.0
969681.0	974498.0	969443.0	974260.0	-238.0
974499.0	977215.0	974263.0	976979.0	-236.0
977219.0	977853.0	976980.0	977614.0	-239.0
977854.0	981644.0	977616.0	981406.0	-238.0
981645.0	983491.0	981408.0	983254.0	-237.0
983492.0	983729.0	983256.0	983493.0	-236.0
983730.0	1636687.0	983495.0	1636452.0	-235.0
1636688.0	5213221.0	1636454.0	5212987.0	-234.0
5213222.0	12301620.0	5212989.0	12301387.0	-233.0
12301621.0	13822443.0	12301389.0	13822211.0	-232.0
13822444.0	21975546.0	13822213.0	21975315.0	-231.0
21975547.0	23036938.0	21975318.0	23036709.0	-229.0
23036939.0	26695218.0	23036711.0	26694990.0	-228.0
26695219.0	26700270.0	26801627.0	26806678.0	106408.0
26700271.0	26726554.0	26700042.0	26726325.0	-229.0
26726615.0	26726900.0	26726386.0	26726671.0	-229.0
26726901.0	26726962.0	26726673.0	26726734.0	-228.0
26726963.0	26726976.0	26726736.0	26726749.0	-227.0
26726977.0	26727226.0	26726770.0	26727019.0	-207.0
26727227.0	26727283.0	26727031.0	26727087.0	-196.0
26731615.0	26750536.0	26751344.0	26770265.0	19729.0
26750538.0	26750599.0	26751282.0	26751343.0	744.0
26750601.0	26750611.0	26751271.0	26751281.0	670.0
26750632.0	26753499.0	26748403.0	26751270.0	-2229.0
26753500.0	26753821.0	26748060.0	26748381.0	-5440.0
26753826.0	26760085.0	26741800.0	26748059.0	-12026.0
26760087.0	26767971.0	26733915.0	26741799.0	-26172.0
26770476.0	26792013.0	26770266.0	26791803.0	-210.0
26792015.0	26792024.0	26791804.0	26791813.0	-211.0
26792025.0	26792111.0	26791815.0	26791901.0	-210.0
26792121.0	26792163.0	26791902.0	26791944.0	-219.0
26792164.0	26794484.0	26824400.0	26826720.0	32236.0
26794486.0	26794528.0	26826721.0	26826763.0	32235.0
26794530.0	26794539.0	26826764.0	26826773.0	32234.0
26794540.0	26794799.0	26826775.0	26827034.0	32235.0
26794814.0	26795035.0	26827035.0	26827256.0	32221.0
26795036.0	26795128.0	26827258.0	26827350.0	32222.0
26795130.0	26795493.0	26827351.0	26827714.0	32221.0
26795494.0	26795763.0	26827716.0	26827985.0	32222.0
26795764.0	26795934.0	26827992.0	26828162.0	32228.0
26795935.0	26795949.0	26828173.0	26828187.0	32238.0
26795950.0	26795969.0	26828194.0	26828213.0	32244.0
26795993.0	27766046.0	26828214.0	27798267.0	32221.0
27766047.0	28239933.0	27798269.0	28272155.0	32222.0
28239934.0	36767922.0	28272157.0	36800145.0	32223.0
36767923.0	39877011.0	36800147.0	39909235.0	32224.0
39877012.0	39894497.0	39909268.0	39926753.0	32256.0
39894498.0	41103580.0	39926759.0	41135841.0	32261.0
41103581.0	43501580.0	41135843.0	43533842.0	32262.0
43501581.0	46975702.0	43533844.0	47007965.0	32263.0
46975703.0	48629403.0	47007967.0	48661667.0	32264.0
48629404.0	48634073.0	48661669.0	48666338.0	32265.0
48634074.0	48651224.0	48666340.0	48683490.0	32266.0
48651225.0	48653248.0	48683492.0	48685515.0	32267.0
48653250.0	48657089.0	48685516.0	48689355.0	32266.0
48657090.0	48659451.0	48689357.0	48691718.0	32267.0
48659453.0	48659880.0	48691719.0	48692146.0	32266.0
48659887.0	48662943.0	48692147.0	48695203.0	32260.0
48662944.0	48665269.0	48695205.0	48697530.0	32261.0
48665273.0	48668784.0	48697531.0	48701042.0	32258.0
48668787.0	48668864.0	48701043.0	48701120.0	32256.0
48668867.0	48669152.0	48701121.0	48701406.0	32254.0
48669153.0	48671693.0	48701410.0	48703950.0	32257.0
48671766.0	48671799.0	48703951.0	48703984.0	32185.0
48671801.0	48671820.0	48703985.0	48704004.0	32184.0
48671824.0	48671838.0	48704005.0	48704019.0	32181.0
48671842.0	48671854.0	48704020.0	48704032.0	32178.0
48671855.0	48672691.0	48704034.0	48704870.0	32179.0
48672704.0	48672853.0	48704871.0	48705020.0	32167.0
48672854.0	48672883.0	48705117.0	48705146.0	32263.0
48672884.0	48672889.0	48705198.0	48705203.0	32314.0
48672890.0	48672902.0	48705205.0	48705217.0	32315.0
48672903.0	48672941.0	48705220.0	48705258.0	32317.0
48672942.0	48672966.0	48705301.0	48705325.0	32359.0
48672967.0	48680049.0	48705334.0	48712416.0	32367.0
48680050.0	48686664.0	48712418.0	48719032.0	32368.0
48686669.0	48688793.0	48719033.0	48721157.0	32364.0
48688795.0	49045875.0	48721158.0	49078238.0	32363.0
49045876.0	49219869.0	49078240.0	49252233.0	32364.0
49219870.0	49223765.0	49252235.0	49256130.0	32365.0
49223784.0	49224786.0	49256131.0	49257133.0	32347.0
49224787.0	49227456.0	49257140.0	49259809.0	32353.0
49227457.0	49232477.0	49259813.0	49264833.0	32356.0
49232478.0	49236132.0	49264836.0	49268490.0	32358.0
49236133.0	49245730.0	49268492.0	49278089.0	32359.0
49245732.0	49249812.0	49278090.0	49282170.0	32358.0
49249813.0	49250548.0	49282174.0	49282909.0	32361.0
49250550.0	49258657.0	49282910.0	49291017.0	32360.0
49258659.0	49262989.0	49291018.0	49295348.0	32359.0
49262994.0	49266238.0	49295349.0	49298593.0	32355.0
49266239.0	49275415.0	49298595.0	49307771.0	32356.0
49275417.0	49275638.0	49307772.0	49307993.0	32355.0
49275644.0	49277118.0	49307994.0	49309468.0	32350.0
49277119.0	49278504.0	49309471.0	49310856.0	32352.0
49278526.0	49279045.0	49310857.0	49311376.0	32331.0
49279047.0	49280894.0	49311377.0	49313224.0	32330.0
49280895.0	49282462.0	49313226.0	49314793.0	32331.0
49282463.0	49283671.0	49314795.0	49316003.0	32332.0
49283672.0	49283836.0	49316005.0	49316169.0	32333.0
49283840.0	49284278.0	49316170.0	49316608.0	32330.0
49284279.0	49292097.0	49316610.0	49324428.0	32331.0
49292098.0	49295800.0	49324430.0	49328132.0	32332.0
49295803.0	49299860.0	49328133.0	49332190.0	32330.0
49299861.0	49302210.0	49332203.0	49334552.0	32342.0
49302211.0	49302785.0	49334558.0	49335132.0	32347.0
49302794.0	49305974.0	49335133.0	49338313.0	32339.0
49305975.0	49313821.0	49338315.0	49346161.0	32340.0
49313827.0	49314737.0	49346162.0	49347072.0	32335.0
49314739.0	49315036.0	49347073.0	49347370.0	32334.0
49315037.0	49316087.0	49347373.0	49348423.0	32336.0
49316100.0	49317580.0	49348424.0	49349904.0	32324.0
49317581.0	49318151.0	49349917.0	49350487.0	32336.0
49318153.0	49320419.0	49350488.0	49352754.0	32335.0
49320422.0	49320748.0	49352755.0	49353081.0	32333.0
49320750.0	49321434.0	49353082.0	49353766.0	32332.0
49321438.0	49323387.0	49353767.0	49355716.0	32329.0
49323392.0	49325215.0	49355717.0	49357540.0	32325.0
49325216.0	49325994.0	49357542.0	49358320.0	32326.0
49325995.0	49329170.0	49358322.0	49361497.0	32327.0
49329177.0	49329563.0	49361498.0	49361884.0	32321.0
49329564.0	49331335.0	49361886.0	49363657.0	32322.0
49331336.0	49331603.0	49363659.0	49363926.0	32323.0
49331604.0	49332062.0	49363928.0	49364386.0	32324.0
49332064.0	49336384.0	49364387.0	49368707.0	32323.0
49336385.0	49339104.0	49368711.0	49371430.0	32326.0
49339129.0	49347676.0	49371431.0	49379978.0	32302.0
49347677.0	49348303.0	49379980.0	49380606.0	32303.0
49348320.0	51092369.0	49380607.0	51124656.0	32287.0
51092370.0	51092841.0	51227571.0	51228042.0	135201.0
51092843.0	51093157.0	51228043.0	51228357.0	135200.0
51093158.0	51093434.0	51228362.0	51228638.0	135204.0
51093437.0	51093451.0	51228639.0	51228653.0	135202.0
51093453.0	51094965.0	51228654.0	51230166.0	135201.0
51094966.0	51095009.0	51230168.0	51230211.0	135202.0
51095011.0	51097727.0	51230212.0	51232928.0	135201.0
51097728.0	57314153.0	51232930.0	57449355.0	135202.0
57314154.0	57314450.0	57449359.0	57449655.0	135205.0
57314451.0	57315620.0	57449657.0	57450826.0	135206.0
57315621.0	57315904.0	57450832.0	57451115.0	135211.0
57315906.0	57315907.0	57451116.0	57451117.0	135210.0
57315908.0	57315921.0	57451119.0	57451132.0	135211.0
57315929.0	57315939.0	57451133.0	57451143.0	135204.0
57315940.0	57316285.0	57451149.0	57451494.0	135209.0
57316286.0	57316510.0	57451496.0	57451720.0	135210.0
57316511.0	57316578.0	57451723.0	57451790.0	135212.0
57316579.0	57316588.0	57451795.0	57451804.0	135216.0
57316589.0	57316900.0	57451806.0	57452117.0	135217.0
57316901.0	57317099.0	57452119.0	57452317.0	135218.0
57317128.0	57317588.0	57452318.0	57452778.0	135190.0
57317589.0	57318747.0	57452780.0	57453938.0	135191.0
57318748.0	57319227.0	57453942.0	57454421.0	135194.0
57319228.0	57319369.0	57454423.0	57454564.0	135195.0
57319374.0	57319572.0	57454565.0	57454763.0	135191.0
57319573.0	57320723.0	57454765.0	57455915.0	135192.0
57320725.0	57320969.0	57455916.0	57456160.0	135191.0
57320971.0	57321500.0	57456161.0	57456690.0	135190.0
57321501.0	57321672.0	57456693.0	57456864.0	135192.0
57321673.0	57322785.0	57456866.0	57457978.0	135193.0
57322813.0	57323076.0	57457979.0	57458242.0	135166.0
57323078.0	57323955.0	57458243.0	57459120.0	135165.0
57323956.0	57324547.0	57459122.0	57459713.0	135166.0
57324551.0	57324993.0	57459714.0	57460156.0	135163.0
57324994.0	57325102.0	57460159.0	57460267.0	135165.0
57325112.0	57325208.0	57460268.0	57460364.0	135156.0
57325209.0	57325459.0	57460366.0	57460616.0	135157.0
57325460.0	57325857.0	57460620.0	57461017.0	135160.0
57325858.0	57327689.0	57461019.0	57462850.0	135161.0
57327690.0	57327750.0	57462852.0	57462912.0	135162.0
57327751.0	57330658.0	57462914.0	57465821.0	135163.0
57330659.0	57330678.0	57465823.0	57465842.0	135164.0
57330679.0	57331451.0	57465844.0	57466616.0	135165.0
57331452.0	57331685.0	57466621.0	57466854.0	135169.0
57331686.0	57331884.0	57466921.0	57467119.0	135235.0
57331885.0	57332539.0	57467122.0	57467776.0	135237.0
57332540.0	57333032.0	57467778.0	57468270.0	135238.0
57333033.0	57334081.0	57468272.0	57469320.0	135239.0
57334083.0	57334904.0	57469321.0	57470142.0	135238.0
57334906.0	57334908.0	57470143.0	57470145.0	135237.0
57334919.0	57335177.0	57470146.0	57470404.0	135227.0
57335178.0	57335191.0	57470406.0	57470419.0	135228.0
57335192.0	57335206.0	57470421.0	57470435.0	135229.0
57335208.0	57335222.0	57470436.0	57470450.0	135228.0
57335224.0	57335657.0	57470451.0	57470884.0	135227.0
57335658.0	57335858.0	57470889.0	57471089.0	135231.0
57335859.0	57336549.0	57471091.0	57471781.0	135232.0
57336550.0	57336762.0	57471783.0	57471995.0	135233.0
57336773.0	57337185.0	57471996.0	57472408.0	135223.0
57337193.0	57338674.0	57472409.0	57473890.0	135216.0
57338675.0	57338951.0	57473897.0	57474173.0	135222.0
57338952.0	57338972.0	57474185.0	57474205.0	135233.0
57338984.0	57339126.0	57474206.0	57474348.0	135222.0
57339129.0	57339176.0	57474349.0	57474396.0	135220.0
57339178.0	57339419.0	57474397.0	57474638.0	135219.0
57339426.0	57339798.0	57474639.0	57475011.0	135213.0
57339802.0	57340582.0	57475012.0	57475792.0	135210.0
57340585.0	57340797.0	57475793.0	57476005.0	135208.0
57340798.0	57340973.0	57476009.0	57476184.0	135211.0
57340974.0	57340992.0	57476186.0	57476204.0	135212.0
57340995.0	57341373.0	57476205.0	57476583.0	135210.0
57341375.0	57343111.0	57476584.0	57478320.0	135209.0
57343112.0	57344143.0	57478323.0	57479354.0	135211.0
57344144.0	57344264.0	57479356.0	57479476.0	135212.0
57344270.0	57344285.0	57479477.0	57479492.0	135207.0
57344286.0	57345003.0	57479494.0	57480211.0	135208.0
57345004.0	57345843.0	57480217.0	57481056.0	135213.0
57345850.0	57346261.0	57481057.0	57481468.0	135207.0
57346266.0	57346391.0	57481469.0	57481594.0	135203.0
57346396.0	57346713.0	57481595.0	57481912.0	135199.0
57346714.0	57346958.0	57481914.0	57482158.0	135200.0
57346959.0	57347208.0	57482162.0	57482411.0	135203.0
57347210.0	57347386.0	57482412.0	57482588.0	135202.0
57347389.0	57347709.0	57482589.0	57482909.0	135200.0
57347710.0	57348007.0	57482912.0	57483209.0	135202.0
57348008.0	57351090.0	57483211.0	57486293.0	135203.0
57351153.0	57352201.0	57486294.0	57487342.0	135141.0
57352203.0	57352831.0	57487343.0	57487971.0	135140.0
57352837.0	57353601.0	57487972.0	57488736.0	135135.0
57353603.0	57353887.0	57488737.0	57489021.0	135134.0
57353888.0	57354272.0	57489024.0	57489408.0	135136.0
57354273.0	57354371.0	57489410.0	57489508.0	135137.0
57354375.0	57354413.0	57489509.0	57489547.0	135134.0
57354414.0	57354423.0	57489549.0	57489558.0	135135.0
57354430.0	57354794.0	57489559.0	57489923.0	135129.0
57354795.0	57357420.0	57489933.0	57492558.0	135138.0
57357423.0	57357436.0	57492559.0	57492572.0	135136.0
57357438.0	57357807.0	57492573.0	57492942.0	135135.0
57357808.0	57357899.0	57492946.0	57493037.0	135138.0
57357904.0	57357920.0	57493038.0	57493054.0	135134.0
57357921.0	57357991.0	57493058.0	57493128.0	135137.0
57357992.0	57358075.0	57493133.0	57493216.0	135141.0
57358076.0	57358282.0	57493219.0	57493425.0	135143.0
57358283.0	57358366.0	57493429.0	57493512.0	135146.0
57358367.0	57358368.0	57493514.0	57493515.0	135147.0
57358378.0	57358382.0	57493516.0	57493520.0	135138.0
57358402.0	57358888.0	57493521.0	57494007.0	135119.0
57358889.0	57359669.0	57494009.0	57494789.0	135120.0
57359670.0	57359740.0	57494797.0	57494867.0	135127.0
57359741.0	57359871.0	57494869.0	57494999.0	135128.0
57359872.0	57360173.0	57495005.0	57495306.0	135133.0
57360176.0	57360567.0	57495307.0	57495698.0	135131.0
57360570.0	57360786.0	57495699.0	57495915.0	135129.0
57360790.0	57361302.0	57495916.0	57496428.0	135126.0
57361304.0	57361709.0	57496429.0	57496834.0	135125.0
57361710.0	57362882.0	57496836.0	57498008.0	135126.0
57362883.0	57362938.0	57498012.0	57498067.0	135129.0
57362939.0	57363460.0	57498075.0	57498596.0	135136.0
57363473.0	57364218.0	57498597.0	57499342.0	135124.0
57364219.0	57364238.0	57499350.0	57499369.0	135131.0
57364242.0	57364316.0	57499370.0	57499444.0	135128.0
57364317.0	57364670.0	57499446.0	57499799.0	135129.0
57364673.0	57366115.0	57499800.0	57501242.0	135127.0
57366129.0	57366184.0	57501243.0	57501298.0	135114.0
57366197.0	57366675.0	57501299.0	57501777.0	135102.0
57366677.0	57368654.0	57501778.0	57503755.0	135101.0
57368658.0	57369231.0	57503756.0	57504329.0	135098.0
57369233.0	57369333.0	57504330.0	57504430.0	135097.0
57369334.0	57369606.0	57504432.0	57504704.0	135098.0
57369608.0	57370364.0	57504705.0	57505461.0	135097.0
57370369.0	57371074.0	57505462.0	57506167.0	135093.0
57371077.0	57371112.0	57506168.0	57506203.0	135091.0
57371113.0	57371287.0	57506208.0	57506382.0	135095.0
57371288.0	57372456.0	57506387.0	57507555.0	135099.0
57372457.0	57372523.0	57507557.0	57507623.0	135100.0
57372525.0	57372526.0	57507624.0	57507625.0	135099.0
57372527.0	57372826.0	57507630.0	57507929.0	135103.0
57372833.0	57373080.0	57507930.0	57508177.0	135097.0
57373081.0	57373150.0	57508179.0	57508248.0	135098.0
57373154.0	57374678.0	57508249.0	57509773.0	135095.0
57374681.0	57374803.0	57509774.0	57509896.0	135093.0
57374808.0	57375203.0	57509897.0	57510292.0	135089.0
57375204.0	57375548.0	57510294.0	57510638.0	135090.0
57375549.0	57375666.0	57510642.0	57510759.0	135093.0
57375667.0	57377503.0	57510761.0	57512597.0	135094.0
57377511.0	57377539.0	57512598.0	57512626.0	135087.0
57377540.0	57378764.0	57512631.0	57513855.0	135091.0
57378794.0	57379495.0	57513856.0	57514557.0	135062.0
57379496.0	57380066.0	57514560.0	57515130.0	135064.0
57380072.0	57380157.0	57515131.0	57515216.0	135059.0
57380164.0	57380824.0	57515217.0	57515877.0	135053.0
57380825.0	57381491.0	57515880.0	57516546.0	135055.0
57381495.0	57381597.0	57516547.0	57516649.0	135052.0
57381598.0	57381618.0	57516651.0	57516671.0	135053.0
57381620.0	57381738.0	57516672.0	57516790.0	135052.0
57381741.0	57382190.0	57516791.0	57517240.0	135050.0
57382192.0	57382856.0	57517241.0	57517905.0	135049.0
57382857.0	57384215.0	57517908.0	57519266.0	135051.0
57384217.0	57385850.0	57519267.0	57520900.0	135050.0
57385851.0	57386123.0	57520907.0	57521179.0	135056.0
57386125.0	57386312.0	57521180.0	57521367.0	135055.0
57386313.0	57387128.0	57521377.0	57522192.0	135064.0
57387129.0	57387177.0	57522209.0	57522257.0	135080.0
57387178.0	57388105.0	57522259.0	57523186.0	135081.0
57388107.0	57389626.0	57523187.0	57524706.0	135080.0
57389645.0	57390482.0	57524707.0	57525544.0	135062.0
57390486.0	57390491.0	57525545.0	57525550.0	135059.0
57390492.0	57390946.0	57525557.0	57526011.0	135065.0
57390948.0	57391533.0	57526012.0	57526597.0	135064.0
57391534.0	57392155.0	57526599.0	57527220.0	135065.0
57392165.0	57393337.0	57531464.0	57532636.0	139299.0
57393338.0	57395644.0	57532638.0	57534944.0	139300.0
57395646.0	57396573.0	57534945.0	57535872.0	139299.0
57396575.0	57396585.0	57535873.0	57535883.0	139298.0
57396586.0	57396757.0	57535885.0	57536056.0	139299.0
57396758.0	57397341.0	57536066.0	57536649.0	139308.0
57397343.0	57397866.0	57536650.0	57537173.0	139307.0
57397867.0	57398028.0	57537175.0	57537336.0	139308.0
57398030.0	57398118.0	57537337.0	57537425.0	139307.0
57398119.0	57398385.0	57537427.0	57537693.0	139308.0
57398386.0	57398727.0	57537695.0	57538036.0	139309.0
57398728.0	57400245.0	57538047.0	57539564.0	139319.0
57400246.0	57400277.0	57539613.0	57539644.0	139367.0
57400278.0	57400730.0	57539671.0	57540123.0	139393.0
57400734.0	57400887.0	57540124.0	57540277.0	139390.0
57400894.0	57402196.0	57540278.0	57541580.0	139384.0
57402198.0	57402581.0	57541581.0	57541964.0	139383.0
57402582.0	57402958.0	57541973.0	57542349.0	139391.0
57402959.0	57403175.0	57542357.0	57542573.0	139398.0
57403176.0	57403231.0	57542575.0	57542630.0	139399.0
57403232.0	57403534.0	57542633.0	57542935.0	139401.0
57403535.0	57404055.0	57543239.0	57543759.0	139704.0
57404056.0	57404146.0	57543761.0	57543851.0	139705.0
57404150.0	57405620.0	57543852.0	57545322.0	139702.0
57405625.0	57407157.0	57545323.0	57546855.0	139698.0
57407159.0	57407558.0	57546856.0	57547255.0	139697.0
57407564.0	57407589.0	57547256.0	57547281.0	139692.0
57407590.0	57407935.0	57547283.0	57547628.0	139693.0
57407938.0	57408106.0	57547629.0	57547797.0	139691.0
57408122.0	57409260.0	57547798.0	57548936.0	139676.0
57409261.0	57409511.0	57548938.0	57549188.0	139677.0
57409512.0	57410458.0	57549193.0	57550139.0	139681.0
57410459.0	57411378.0	57550143.0	57551062.0	139684.0
57411380.0	57411996.0	57551063.0	57551679.0	139683.0
57411997.0	57413036.0	57551683.0	57552722.0	139686.0
57413037.0	57413859.0	57552725.0	57553547.0	139688.0
57413860.0	57413903.0	57553549.0	57553592.0	139689.0
57413904.0	57415028.0	57553595.0	57554719.0	139691.0
57415029.0	57415349.0	57554721.0	57555041.0	139692.0
57415350.0	57415403.0	57555043.0	57555096.0	139693.0
57415404.0	57415913.0	57555098.0	57555607.0	139694.0
57415914.0	57416838.0	57555609.0	57556533.0	139695.0
57416839.0	57417081.0	57556535.0	57556777.0	139696.0
57417092.0	57418085.0	57556778.0	57557771.0	139686.0
57418087.0	57418975.0	57557772.0	57558660.0	139685.0
57418976.0	57419091.0	57558663.0	57558778.0	139687.0
57419093.0	57419300.0	57558779.0	57558986.0	139686.0
57419301.0	57419441.0	57558995.0	57559135.0	139694.0
57419442.0	57420085.0	57559137.0	57559780.0	139695.0
57420086.0	57421526.0	57559787.0	57561227.0	139701.0
57421543.0	57421551.0	57561228.0	57561236.0	139685.0
57421552.0	57421841.0	57561247.0	57561536.0	139695.0
57421842.0	57421843.0	57561538.0	57561539.0	139696.0
57421845.0	57422066.0	57561540.0	57561761.0	139695.0
57422067.0	57423086.0	57561763.0	57562782.0	139696.0
57429139.0	57429196.0	57562783.0	57562840.0	133644.0
57429197.0	57429529.0	57562849.0	57563181.0	133652.0
57429531.0	57429646.0	57563182.0	57563297.0	133651.0
57429650.0	57431422.0	57563298.0	57565070.0	133648.0
57431424.0	57431455.0	57565071.0	57565102.0	133647.0
57431456.0	57431478.0	57565106.0	57565128.0	133650.0
57431479.0	57432144.0	57565132.0	57565797.0	133653.0
57432145.0	57432328.0	57565799.0	57565982.0	133654.0
57432329.0	57432339.0	57565985.0	57565995.0	133656.0
57432341.0	57432404.0	57565996.0	57566059.0	133655.0
57432405.0	57432462.0	57566062.0	57566119.0	133657.0
57432463.0	57432508.0	57566128.0	57566173.0	133665.0
57432509.0	57433501.0	57566176.0	57567168.0	133667.0
57433509.0	57434027.0	57567169.0	57567687.0	133660.0
57434029.0	57434316.0	57567688.0	57567975.0	133659.0
57434317.0	57434426.0	57567980.0	57568089.0	133663.0
57434427.0	57434691.0	57568092.0	57568356.0	133665.0
57434692.0	57435241.0	57568359.0	57568908.0	133667.0
57435242.0	57435521.0	57568911.0	57569190.0	133669.0
57435522.0	57435592.0	57569193.0	57569263.0	133671.0
57435593.0	57436081.0	57569266.0	57569754.0	133673.0
57436082.0	57436346.0	57569756.0	57570020.0	133674.0
57436349.0	57436886.0	57570021.0	57570558.0	133672.0
57436891.0	57437778.0	57570559.0	57571446.0	133668.0
57437779.0	57437990.0	57571448.0	57571659.0	133669.0
57437996.0	57438417.0	57571660.0	57572081.0	133664.0
57438419.0	57438854.0	57572082.0	57572517.0	133663.0
57438855.0	57439519.0	57572519.0	57573183.0	133664.0
57439520.0	57439747.0	57573187.0	57573414.0	133667.0
57439751.0	57440882.0	57573415.0	57574546.0	133664.0
57440884.0	57441567.0	57574547.0	57575230.0	133663.0
57441569.0	57441982.0	57575231.0	57575644.0	133662.0
57441983.0	57442462.0	57575648.0	57576127.0	133665.0
57442463.0	57442464.0	57576139.0	57576140.0	133676.0
57442465.0	57443093.0	57576156.0	57576784.0	133691.0
57443095.0	57443105.0	57576785.0	57576795.0	133690.0
57443106.0	57443140.0	57576798.0	57576832.0	133692.0
57443141.0	57444072.0	57576835.0	57577766.0	133694.0
57444074.0	57444300.0	57577767.0	57577993.0	133693.0
57444302.0	57444977.0	57577994.0	57578669.0	133692.0
57444978.0	57445091.0	57578995.0	57579108.0	134017.0
57445095.0	57445155.0	57579109.0	57579169.0	134014.0
57445156.0	57445630.0	57579172.0	57579646.0	134016.0
57445632.0	57446950.0	57579647.0	57580965.0	134015.0
57446952.0	57447522.0	57580966.0	57581536.0	134014.0
57447524.0	57448116.0	57581537.0	57582129.0	134013.0
57448118.0	57448767.0	57582130.0	57582779.0	134012.0
57448768.0	57449157.0	57582786.0	57583175.0	134018.0
57449165.0	57449166.0	57583176.0	57583177.0	134011.0
57449167.0	57449501.0	57583182.0	57583516.0	134015.0
57449820.0	57450348.0	57583517.0	57584045.0	133697.0
57450350.0	57450457.0	57584046.0	57584153.0	133696.0
57450458.0	57450770.0	57584159.0	57584471.0	133701.0
57450776.0	57452387.0	57584472.0	57586083.0	133696.0
57452388.0	57452390.0	57586089.0	57586091.0	133701.0
57452392.0	57452810.0	57586092.0	57586510.0	133700.0
57452814.0	57453949.0	57586511.0	57587646.0	133697.0
57453950.0	57453985.0	57587648.0	57587683.0	133698.0
57453986.0	57455850.0	57587695.0	57589559.0	133709.0
57455851.0	57457704.0	57589564.0	57591417.0	133713.0
57457705.0	57458938.0	57591419.0	57592652.0	133714.0
57458940.0	57459087.0	57592653.0	57592800.0	133713.0
57459094.0	57459605.0	57592801.0	57593312.0	133707.0
57459612.0	57459622.0	57593313.0	57593323.0	133701.0
57459623.0	57460044.0	57593325.0	57593746.0	133702.0
57460045.0	57461922.0	57593751.0	57595628.0	133706.0
57461923.0	57464320.0	57595630.0	57598027.0	133707.0
57464321.0	57464581.0	57598037.0	57598297.0	133716.0
57464584.0	57464665.0	57598298.0	57598379.0	133714.0
57464674.0	57465236.0	57598380.0	57598942.0	133706.0
57465237.0	57465761.0	57599255.0	57599779.0	134018.0
57465762.0	57466352.0	57599781.0	57600371.0	134019.0
57466359.0	57466524.0	57600372.0	57600537.0	134013.0
57466526.0	57466836.0	57600538.0	57600848.0	134012.0
57466837.0	57468059.0	57600850.0	57602072.0	134013.0
57468060.0	57468123.0	57602077.0	57602140.0	134017.0
57468125.0	57469421.0	57602141.0	57603437.0	134016.0
57469423.0	57470269.0	57603438.0	57604284.0	134015.0
57470270.0	57470684.0	57604286.0	57604700.0	134016.0
57470685.0	57471169.0	57604709.0	57605193.0	134024.0
57471170.0	57471406.0	57605195.0	57605431.0	134025.0
57471408.0	57471667.0	57605432.0	57605691.0	134024.0
57471669.0	57472094.0	57605692.0	57606117.0	134023.0
57472102.0	57473706.0	57606118.0	57607722.0	134016.0
57473708.0	57474083.0	57607723.0	57608098.0	134015.0
57474085.0	57474280.0	57608099.0	57608294.0	134014.0
57474281.0	57474418.0	57608296.0	57608433.0	134015.0
57474419.0	57474615.0	57608436.0	57608632.0	134017.0
57474627.0	57476062.0	57608633.0	57610068.0	134006.0
57476063.0	57476298.0	57610070.0	57610305.0	134007.0
57476299.0	57476299.0	57610310.0	57610310.0	134011.0
57476304.0	57476498.0	57610311.0	57610505.0	134007.0
57476500.0	57476812.0	57610506.0	57610818.0	134006.0
57476813.0	57477146.0	57610820.0	57611153.0	134007.0
57477147.0	57477342.0	57611160.0	57611355.0	134013.0
57477343.0	57478160.0	57611357.0	57612174.0	134014.0
57478868.0	57479502.0	57612175.0	57612809.0	133307.0
57479504.0	57479950.0	57612810.0	57613256.0	133306.0
57479952.0	57480528.0	57613257.0	57613833.0	133305.0
57480529.0	57480845.0	57613840.0	57614156.0	133311.0
57480949.0	57481661.0	57614157.0	57614869.0	133208.0
57481716.0	57481894.0	57614870.0	57615048.0	133154.0
57481901.0	57482272.0	57615049.0	57615420.0	133148.0
57482280.0	57485395.0	57615421.0	57618536.0	133141.0
57485397.0	57486637.0	57618537.0	57619777.0	133140.0
57486638.0	57487939.0	57619780.0	57621081.0	133142.0
57487941.0	57487982.0	57621082.0	57621123.0	133141.0
57487983.0	57488331.0	57621125.0	57621473.0	133142.0
57488332.0	57489293.0	57621475.0	57622436.0	133143.0
57489294.0	57489448.0	57622438.0	57622592.0	133144.0
57489451.0	57489752.0	57622593.0	57622894.0	133142.0
57489757.0	57489836.0	57622895.0	57622974.0	133138.0
57489840.0	57490339.0	57622975.0	57623474.0	133135.0
57490340.0	57490547.0	57623477.0	57623684.0	133137.0
57490550.0	57490790.0	57623685.0	57623925.0	133135.0
57490791.0	57491261.0	57623938.0	57624408.0	133147.0
57491262.0	57492888.0	57624410.0	57626036.0	133148.0
57492890.0	57493376.0	57626037.0	57626523.0	133147.0
57493377.0	57493427.0	57626526.0	57626576.0	133149.0
57493437.0	57493482.0	57626577.0	57626622.0	133140.0
57493483.0	57494126.0	57626629.0	57627272.0	133146.0
57494127.0	57494145.0	57627275.0	57627293.0	133148.0
57494146.0	57495000.0	57627309.0	57628163.0	133163.0
57495001.0	57497091.0	57628165.0	57630255.0	133164.0
57497092.0	57497717.0	57630257.0	57630882.0	133165.0
57497718.0	57497898.0	57630884.0	57631064.0	133166.0
57497899.0	57497954.0	57631067.0	57631122.0	133168.0
57497957.0	57499042.0	57631123.0	57632208.0	133166.0
57499043.0	57500041.0	57632210.0	57633208.0	133167.0
57500042.0	57501697.0	57633210.0	57634865.0	133168.0
57501698.0	57502182.0	57634871.0	57635355.0	133173.0
57502187.0	57502969.0	57635356.0	57636138.0	133169.0
57502972.0	57503003.0	57636139.0	57636170.0	133167.0
57503007.0	57503261.0	57636171.0	57636425.0	133164.0
57503263.0	57504122.0	57636426.0	57637285.0	133163.0
57504124.0	57504344.0	57637286.0	57637506.0	133162.0
57504346.0	57504472.0	57637507.0	57637633.0	133161.0
57504474.0	57504619.0	57637634.0	57637779.0	133160.0
57504623.0	57505419.0	57637780.0	57638576.0	133157.0
57505422.0	57505634.0	57638577.0	57638789.0	133155.0
57505635.0	57505640.0	57638792.0	57638797.0	133157.0
57505643.0	57505891.0	57638798.0	57639046.0	133155.0
57505896.0	57506153.0	57639047.0	57639304.0	133151.0
57506155.0	57506338.0	57639305.0	57639488.0	133150.0
57506339.0	57506461.0	57639493.0	57639615.0	133154.0
57506480.0	57506615.0	57639616.0	57639751.0	133136.0
57506616.0	57507454.0	57639755.0	57640593.0	133139.0
57507459.0	57507733.0	57640594.0	57640868.0	133135.0
57507735.0	57507815.0	57640869.0	57640949.0	133134.0
57507819.0	57508397.0	57640950.0	57641528.0	133131.0
57508402.0	57508493.0	57641529.0	57641620.0	133127.0
57508494.0	57509097.0	57641623.0	57642226.0	133129.0
57509099.0	57509109.0	57642227.0	57642237.0	133128.0
57509112.0	57509133.0	57642238.0	57642259.0	133126.0
57509137.0	57509296.0	57642260.0	57642419.0	133123.0
57509297.0	57509532.0	57642741.0	57642976.0	133444.0
57509534.0	57509599.0	57642977.0	57643042.0	133443.0
57509603.0	57509697.0	57643043.0	57643137.0	133440.0
57509698.0	57510183.0	57643146.0	57643631.0	133448.0
57510184.0	57510246.0	57643633.0	57643695.0	133449.0
57510262.0	57510290.0	57643696.0	57643724.0	133434.0
57510297.0	57510670.0	57643725.0	57644098.0	133428.0
57510671.0	57511051.0	57644101.0	57644481.0	133430.0
57511052.0	57511869.0	57644484.0	57645301.0	133432.0
57511870.0	57511915.0	57645306.0	57645351.0	133436.0
57511916.0	57512788.0	57645372.0	57646244.0	133456.0
57512789.0	57512793.0	57646256.0	57646260.0	133467.0
57512797.0	57512924.0	57646261.0	57646388.0	133464.0
57512925.0	57512931.0	57646390.0	57646396.0	133465.0
57512932.0	57513054.0	57646399.0	57646521.0	133467.0
57513055.0	57513140.0	57646525.0	57646610.0	133470.0
57513141.0	57513556.0	57646615.0	57647030.0	133474.0
57513557.0	57513823.0	57647044.0	57647310.0	133487.0
57513824.0	57514278.0	57647316.0	57647770.0	133492.0
57514279.0	57514427.0	57647773.0	57647921.0	133494.0
57514428.0	57514614.0	57647926.0	57648112.0	133498.0
57514615.0	57514627.0	57648116.0	57648128.0	133501.0
57514631.0	57514725.0	57648129.0	57648223.0	133498.0
57514726.0	57515068.0	57648227.0	57648569.0	133501.0
57515074.0	57515147.0	57648570.0	57648643.0	133496.0
57515151.0	57515342.0	57648644.0	57648835.0	133493.0
57515343.0	57515827.0	57648841.0	57649325.0	133498.0
57515829.0	57515927.0	57649326.0	57649424.0	133497.0
57515930.0	57516068.0	57649425.0	57649563.0	133495.0
57516070.0	57516213.0	57649564.0	57649707.0	133494.0
57516215.0	57516865.0	57649708.0	57650358.0	133493.0
57516866.0	57517016.0	57650362.0	57650512.0	133496.0
57517017.0	57517065.0	57650517.0	57650565.0	133500.0
57517067.0	57517251.0	57650566.0	57650750.0	133499.0
57517258.0	57518373.0	57650751.0	57651866.0	133493.0
57518374.0	57519488.0	57651871.0	57652985.0	133497.0
57519493.0	57519626.0	57652986.0	57653119.0	133493.0
57519628.0	57520137.0	57653120.0	57653629.0	133492.0
57520142.0	57520164.0	57653630.0	57653652.0	133488.0
57520169.0	57520778.0	57653653.0	57654262.0	133484.0
57520779.0	57520923.0	57654269.0	57654413.0	133490.0
57520938.0	57520973.0	57654414.0	57654449.0	133476.0
57520975.0	57521917.0	57654450.0	57655392.0	133475.0
57521918.0	57522032.0	57655397.0	57655511.0	133479.0
57522033.0	57523020.0	57655517.0	57656504.0	133484.0
57523026.0	57523616.0	57656505.0	57657095.0	133479.0
57523623.0	57524316.0	57657096.0	57657789.0	133473.0
57524319.0	57524655.0	57657790.0	57658126.0	133471.0
57524656.0	57524682.0	57658128.0	57658154.0	133472.0
57524684.0	57524838.0	57658155.0	57658309.0	133471.0
57524839.0	57525131.0	57658312.0	57658604.0	133473.0
57525132.0	57525749.0	57658606.0	57659223.0	133474.0
57525750.0	57526351.0	57659225.0	57659826.0	133475.0
57526352.0	57527354.0	57659828.0	57660830.0	133476.0
57527355.0	57527686.0	57660832.0	57661163.0	133477.0
57527690.0	57528512.0	57661164.0	57661986.0	133474.0
57528517.0	57529228.0	57661987.0	57662698.0	133470.0
57529229.0	57529736.0	57662700.0	57663207.0	133471.0
57529749.0	57529773.0	57663208.0	57663232.0	133459.0
57529788.0	57529814.0	57663237.0	57663263.0	133449.0
57529820.0	57529831.0	57663267.0	57663278.0	133447.0
57529861.0	57529863.0	57663314.0	57663316.0	133453.0
57529866.0	57529892.0	57663317.0	57663343.0	133451.0
57529961.0	57529991.0	57663376.0	57663406.0	133415.0
57530034.0	57530107.0	57663407.0	57663480.0	133373.0
57530133.0	57530135.0	57663504.0	57663506.0	133371.0
57530136.0	57530151.0	57663511.0	57663526.0	133375.0
57530164.0	57530170.0	57663541.0	57663547.0	133377.0
57530171.0	57530182.0	57663550.0	57663561.0	133379.0
57530196.0	57530222.0	57663607.0	57663633.0	133411.0
57530223.0	57530235.0	57663652.0	57663664.0	133429.0
57530236.0	57530255.0	57663683.0	57663702.0	133447.0
57530256.0	57530276.0	57663713.0	57663733.0	133457.0
57530279.0	57530431.0	57663734.0	57663886.0	133455.0
57530448.0	57530457.0	57663887.0	57663896.0	133439.0
57530460.0	57530485.0	57663897.0	57663922.0	133437.0
57530502.0	57530565.0	57663923.0	57663986.0	133421.0
57530566.0	57530580.0	57663989.0	57664003.0	133423.0
57530583.0	57530622.0	57664004.0	57664043.0	133421.0
57530623.0	57530835.0	57664078.0	57664290.0	133455.0
57530836.0	57531985.0	57664296.0	57665445.0	133460.0
57531986.0	57532935.0	57665449.0	57666398.0	133463.0
57532937.0	57533118.0	57666399.0	57666580.0	133462.0
57533125.0	57533133.0	57666582.0	57666590.0	133457.0
57533136.0	57533144.0	57666592.0	57666600.0	133456.0
57533155.0	57533159.0	57666604.0	57666608.0	133449.0
57533195.0	57533203.0	57666629.0	57666637.0	133434.0
57533221.0	57533244.0	57666645.0	57666668.0	133424.0
57533247.0	57533259.0	57666670.0	57666682.0	133423.0
57533286.0	57533324.0	57666702.0	57666740.0	133416.0
57533337.0	57533339.0	57666748.0	57666750.0	133411.0
57533342.0	57533345.0	57666751.0	57666754.0	133409.0
57533346.0	57533351.0	57666759.0	57666764.0	133413.0
57533352.0	57533360.0	57666768.0	57666776.0	133416.0
57533372.0	57533394.0	57666781.0	57666803.0	133409.0
57533415.0	57533419.0	57666815.0	57666819.0	133400.0
57533429.0	57533452.0	57666820.0	57666843.0	133391.0
57533458.0	57533468.0	57666845.0	57666855.0	133387.0
57533487.0	57533494.0	57666862.0	57666869.0	133375.0
57533502.0	57533508.0	57666882.0	57666888.0	133380.0
57533693.0	57533693.0	57666581.0	57666581.0	132888.0
57533706.0	57533706.0	57666591.0	57666591.0	132885.0
57533720.0	57533722.0	57666601.0	57666603.0	132881.0
57533732.0	57533751.0	57666609.0	57666628.0	132877.0
57533758.0	57533764.0	57666638.0	57666644.0	132880.0
57533792.0	57533792.0	57666669.0	57666669.0	132877.0
57533804.0	57533804.0	57666683.0	57666683.0	132879.0
57533812.0	57533829.0	57666684.0	57666701.0	132872.0
57533885.0	57533891.0	57666741.0	57666747.0	132856.0
57533893.0	57533895.0	57666755.0	57666757.0	132862.0
57533900.0	57533900.0	57666765.0	57666765.0	132865.0
57533909.0	57533912.0	57666777.0	57666780.0	132868.0
57533942.0	57533952.0	57666804.0	57666814.0	132862.0
57533980.0	57533980.0	57666844.0	57666844.0	132864.0
57533997.0	57534002.0	57666856.0	57666861.0	132859.0
57534005.0	57534016.0	57666870.0	57666881.0	132865.0
57534020.0	57534178.0	57666889.0	57667047.0	132869.0
57534179.0	57534555.0	57667078.0	57667454.0	132899.0
57534557.0	57534682.0	57667455.0	57667580.0	132898.0
57534683.0	57534890.0	57667585.0	57667792.0	132902.0
57534891.0	57534931.0	57667808.0	57667848.0	132917.0
57534932.0	57534979.0	57667853.0	57667900.0	132921.0
57534984.0	57535877.0	57667901.0	57668794.0	132917.0
57535878.0	57535888.0	57668797.0	57668807.0	132919.0
57535890.0	57535893.0	57668808.0	57668811.0	132918.0
57535894.0	57536349.0	57668813.0	57669268.0	132919.0
57536350.0	57537436.0	57669273.0	57670359.0	132923.0
57537437.0	57537566.0	57670364.0	57670493.0	132927.0
57537570.0	57538669.0	57670494.0	57671593.0	132924.0
57538676.0	57538772.0	57671594.0	57671690.0	132918.0
57538774.0	57539466.0	57671691.0	57672383.0	132917.0
57539468.0	57539910.0	57672384.0	57672826.0	132916.0
57539911.0	57540029.0	57672835.0	57672953.0	132924.0
57540031.0	57540279.0	57672954.0	57673202.0	132923.0
57540280.0	57540410.0	57673204.0	57673334.0	132924.0
57540411.0	57540888.0	57673336.0	57673813.0	132925.0
57540899.0	57541894.0	57673814.0	57674809.0	132915.0
57541896.0	57542048.0	57674810.0	57674962.0	132914.0
57542049.0	57542102.0	57674967.0	57675020.0	132918.0
57542103.0	57542123.0	57675025.0	57675045.0	132922.0
57542124.0	57542463.0	57675047.0	57675386.0	132923.0
57542465.0	57542542.0	57675387.0	57675464.0	132922.0
57542545.0	57543212.0	57675465.0	57676132.0	132920.0
57543219.0	57543480.0	57676133.0	57676394.0	132914.0
57543481.0	57543887.0	57676398.0	57676804.0	132917.0
57543892.0	57544040.0	57676805.0	57676953.0	132913.0
57544045.0	57544115.0	57676954.0	57677024.0	132909.0
57544120.0	57544487.0	57677025.0	57677392.0	132905.0
57544488.0	57544979.0	57677396.0	57677887.0	132908.0
57544981.0	57545071.0	57677888.0	57677978.0	132907.0
57545073.0	57545076.0	57677979.0	57677982.0	132906.0
57545077.0	57545441.0	57677985.0	57678349.0	132908.0
57545442.0	57545877.0	57678354.0	57678789.0	132912.0
57545878.0	57547561.0	57678793.0	57680476.0	132915.0
57547563.0	57548168.0	57680477.0	57681082.0	132914.0
57548172.0	57548908.0	57681083.0	57681819.0	132911.0
57548928.0	57548988.0	57681820.0	57681880.0	132892.0
57548998.0	57549478.0	57681881.0	57682361.0	132883.0
57549479.0	57549888.0	57682364.0	57682773.0	132885.0
57549889.0	57549903.0	57682781.0	57682795.0	132892.0
57549905.0	57549955.0	57682796.0	57682846.0	132891.0
57549958.0	57550815.0	57682847.0	57683704.0	132889.0
57550820.0	57550926.0	57683705.0	57683811.0	132885.0
57550928.0	57551314.0	57683812.0	57684198.0	132884.0
57551316.0	57551925.0	57684199.0	57684808.0	132883.0
57551927.0	57552363.0	57684809.0	57685245.0	132882.0
57552364.0	57552740.0	57685249.0	57685625.0	132885.0
57552741.0	57552757.0	57685627.0	57685643.0	132886.0
57552759.0	57552767.0	57685644.0	57685652.0	132885.0
57552768.0	57552933.0	57685656.0	57685821.0	132888.0
57552935.0	57553331.0	57685822.0	57686218.0	132887.0
57553332.0	57553450.0	57686231.0	57686349.0	132899.0
57553452.0	57553564.0	57686350.0	57686462.0	132898.0
57553569.0	57554401.0	57686463.0	57687295.0	132894.0
57554402.0	57554434.0	57687297.0	57687329.0	132895.0
57554456.0	57554979.0	57687330.0	57687853.0	132874.0
57554980.0	57555215.0	57687856.0	57688091.0	132876.0
57555218.0	57558300.0	57688092.0	57691174.0	132874.0
57558303.0	57558541.0	57691175.0	57691413.0	132872.0
57558546.0	57558935.0	57691414.0	57691803.0	132868.0
57558937.0	57559053.0	57691804.0	57691920.0	132867.0
57559054.0	57559116.0	57691926.0	57691988.0	132872.0
57559118.0	57559508.0	57691989.0	57692379.0	132871.0
57559512.0	57559719.0	57692380.0	57692587.0	132868.0
57559720.0	57559730.0	57692589.0	57692599.0	132869.0
57559731.0	57559923.0	57692604.0	57692796.0	132873.0
57559928.0	57559933.0	57692797.0	57692802.0	132869.0
57559934.0	57560117.0	57692808.0	57692991.0	132874.0
57560118.0	57560170.0	57692993.0	57693045.0	132875.0
57560172.0	57560213.0	57693046.0	57693087.0	132874.0
57560217.0	57560363.0	57693088.0	57693234.0	132871.0
57560365.0	57560918.0	57693235.0	57693788.0	132870.0
57560920.0	57561040.0	57693789.0	57693909.0	132869.0
57561046.0	57561253.0	57693910.0	57694117.0	132864.0
57561272.0	57561649.0	57694118.0	57694495.0	132846.0
57561650.0	57561682.0	57694509.0	57694541.0	132859.0
57561686.0	57561826.0	57694542.0	57694682.0	132856.0
57561831.0	57561997.0	57694683.0	57694849.0	132852.0
57561999.0	57562104.0	57694850.0	57694955.0	132851.0
57562107.0	57562261.0	57694956.0	57695110.0	132849.0
57562263.0	57563306.0	57695111.0	57696154.0	132848.0
57563308.0	57563537.0	57696155.0	57696384.0	132847.0
57563538.0	57563916.0	57696387.0	57696765.0	132849.0
57563921.0	57563928.0	57696766.0	57696773.0	132845.0
57563930.0	57563937.0	57696774.0	57696781.0	132844.0
57563955.0	57564465.0	57696782.0	57697292.0	132827.0
57564466.0	57564480.0	57697295.0	57697309.0	132829.0
57564481.0	57564641.0	57697311.0	57697471.0	132830.0
57564642.0	57564672.0	57697473.0	57697503.0	132831.0
57564674.0	57564689.0	57697504.0	57697519.0	132830.0
57564691.0	57565442.0	57697520.0	57698271.0	132829.0
57565445.0	57565814.0	57698272.0	57698641.0	132827.0
57565815.0	57566096.0	57698647.0	57698928.0	132832.0
57566098.0	57567732.0	57698929.0	57700563.0	132831.0
57567733.0	57568451.0	57700565.0	57701283.0	132832.0
57568452.0	57568536.0	57701286.0	57701370.0	132834.0
57568537.0	57568619.0	57701375.0	57701457.0	132838.0
57568622.0	57569927.0	57701458.0	57702763.0	132836.0
57569928.0	57571555.0	57702765.0	57704392.0	132837.0
57571556.0	57571998.0	57704394.0	57704836.0	132838.0
57572002.0	57572604.0	57704837.0	57705439.0	132835.0
57572607.0	57572609.0	57705440.0	57705442.0	132833.0
57572610.0	57572995.0	57705450.0	57705835.0	132840.0
57572997.0	57573311.0	57705836.0	57706150.0	132839.0
57573325.0	57573399.0	57706151.0	57706225.0	132826.0
57573400.0	57573573.0	57706227.0	57706400.0	132827.0
57573574.0	57573755.0	57706402.0	57706583.0	132828.0
57573758.0	57575521.0	57706584.0	57708347.0	132826.0
57575523.0	57575720.0	57708348.0	57708545.0	132825.0
57575721.0	57575919.0	57708547.0	57708745.0	132826.0
57667793.0	57667796.0	57663233.0	57663236.0	-4560.0
57667822.0	57667824.0	57663264.0	57663266.0	-4558.0
57667841.0	57667875.0	57663279.0	57663313.0	-4562.0
57667892.0	57667923.0	57663344.0	57663375.0	-4548.0
57667999.0	57668021.0	57663481.0	57663503.0	-4518.0
57668027.0	57668040.0	57663527.0	57663540.0	-4500.0
57668058.0	57668096.0	57663562.0	57663600.0	-4496.0
57668122.0	57668132.0	57663634.0	57663644.0	-4488.0
57668143.0	57668157.0	57663665.0	57663679.0	-4478.0
58137660.0	58140926.0	57788604.0	57791870.0	-349056.0
58140930.0	58140982.0	57791871.0	57791923.0	-349059.0
58140983.0	58141010.0	57791927.0	57791954.0	-349056.0
58141011.0	58141045.0	57791961.0	57791995.0	-349050.0
58141046.0	58146657.0	57792002.0	57797613.0	-349044.0
58146658.0	58152100.0	57820377.0	57825819.0	-326281.0
58152101.0	58780166.0	57825823.0	58453888.0	-326278.0
61918561.0	61918604.0	61319104.0	61319147.0	-599457.0
61918605.0	61918607.0	61319100.0	61319102.0	-599505.0
61918609.0	61918626.0	61319082.0	61319099.0	-599527.0
61918630.0	61918631.0	61319080.0	61319081.0	-599550.0
61918632.0	61918658.0	61319050.0	61319076.0	-599582.0
61918659.0	61918662.0	61319034.0	61319037.0	-599625.0
61918663.0	61918665.0	61319027.0	61319029.0	-599636.0
61918666.0	61918670.0	61319020.0	61319024.0	-599646.0
61918671.0	61918673.0	61319013.0	61319015.0	-599658.0
61918674.0	61918678.0	61319006.0	61319010.0	-599668.0
61918707.0	61918730.0	61318982.0	61319005.0	-599725.0
61918736.0	61918739.0	61318978.0	61318981.0	-599758.0
61918740.0	61918744.0	61318972.0	61318976.0	-599768.0
61918745.0	61918826.0	61318886.0	61318967.0	-599859.0
61918827.0	61918832.0	61318878.0	61318883.0	-599949.0
61918835.0	61918957.0	61318755.0	61318877.0	-600080.0
61918958.0	61918958.0	61318752.0	61318752.0	-600206.0
61918960.0	61918974.0	61318737.0	61318751.0	-600223.0
61918976.0	61919043.0	61318669.0	61318736.0	-600307.0
61919044.0	61919045.0	61318663.0	61318664.0	-600381.0
61919050.0	61919143.0	61318569.0	61318662.0	-600481.0
61919155.0	61919159.0	61318564.0	61318568.0	-600591.0
61919160.0	61919231.0	61318479.0	61318550.0	-600681.0
61919235.0	61919237.0	61318476.0	61318478.0	-600759.0
61919238.0	61919240.0	61318466.0	61318468.0	-600772.0
61919248.0	61919340.0	61318373.0	61318465.0	-600875.0
61919342.0	61919396.0	61318318.0	61318372.0	-601024.0
61919401.0	61919401.0	61318317.0	61318317.0	-601084.0
61919402.0	61919507.0	61318206.0	61318311.0	-601196.0
61919513.0	61919521.0	61318197.0	61318205.0	-601316.0
61919522.0	61919548.0	61318165.0	61318191.0	-601357.0
61919549.0	61919552.0	61318153.0	61318156.0	-601396.0
61919553.0	61919558.0	61318146.0	61318151.0	-601407.0
61919568.0	61919630.0	61318083.0	61318145.0	-601485.0
61919631.0	61919644.0	61318068.0	61318081.0	-601563.0
61919646.0	61919722.0	61317991.0	61318067.0	-601655.0
61919723.0	61919726.0	61317980.0	61317983.0	-601743.0
61919734.0	61919828.0	61317885.0	61317979.0	-601849.0
61919833.0	61919834.0	61317883.0	61317884.0	-601950.0
61919835.0	61919885.0	61317830.0	61317880.0	-602005.0
61919886.0	61919919.0	61317795.0	61317828.0	-602091.0
61919920.0	61919972.0	61317740.0	61317792.0	-602180.0
61919974.0	61919979.0	61317734.0	61317739.0	-602240.0
61919980.0	61920069.0	61317643.0	61317732.0	-602337.0
61920070.0	61920076.0	61317630.0	61317636.0	-602440.0
61920077.0	61920077.0	61317627.0	61317627.0	-602450.0
61920086.0	61920123.0	61317589.0	61317626.0	-602497.0
61920124.0	61920237.0	61317473.0	61317586.0	-602651.0
61920238.0	61920239.0	61317469.0	61317470.0	-602769.0
61920240.0	61920303.0	61317398.0	61317461.0	-602842.0
61920305.0	61920506.0	61317196.0	61317397.0	-603109.0
61920507.0	61920524.0	61317177.0	61317194.0	-603330.0
61920531.0	61920534.0	61317173.0	61317176.0	-603358.0
61920550.0	61920561.0	61317161.0	61317172.0	-603389.0
61920562.0	61920592.0	61317109.0	61317139.0	-603453.0
61920595.0	61920604.0	61317099.0	61317108.0	-603496.0
61920606.0	61920610.0	61317094.0	61317098.0	-603512.0
61920611.0	61920798.0	61316905.0	61317092.0	-603706.0
61920801.0	61920891.0	61316814.0	61316904.0	-603987.0
61920894.0	61920894.0	61316813.0	61316813.0	-604081.0
61920895.0	61920911.0	61316794.0	61316810.0	-604101.0
61920921.0	61920931.0	61316783.0	61316793.0	-604138.0
61920932.0	61921003.0	61316710.0	61316781.0	-604222.0
61921004.0	61921008.0	61316701.0	61316705.0	-604303.0
61921010.0	61921014.0	61316696.0	61316700.0	-604314.0
61921018.0	61921051.0	61316662.0	61316695.0	-604356.0
61921060.0	61921064.0	61316657.0	61316661.0	-604403.0
61921065.0	61921082.0	61316631.0	61316648.0	-604434.0
61921083.0	61921085.0	61316619.0	61316621.0	-604464.0
61921094.0	61921132.0	61316580.0	61316618.0	-604514.0
61921137.0	61921191.0	61316525.0	61316579.0	-604612.0
61921195.0	61921195.0	61316524.0	61316524.0	-604671.0
61921196.0	61921225.0	61316491.0	61316520.0	-604705.0
61921237.0	61921241.0	61316486.0	61316490.0	-604751.0
61921242.0	61921262.0	61316455.0	61316475.0	-604787.0
61921269.0	61921270.0	61316453.0	61316454.0	-604816.0
61921271.0	61921294.0	61316423.0	61316446.0	-604848.0
61921295.0	61921299.0	61316417.0	61316421.0	-604878.0
61921301.0	61921314.0	61316403.0	61316416.0	-604898.0
61921330.0	61921333.0	61316399.0	61316402.0	-604931.0
61921334.0	61921370.0	61316351.0	61316387.0	-604983.0
61921371.0	61921378.0	61316342.0	61316349.0	-605029.0
61921381.0	61921382.0	61316340.0	61316341.0	-605041.0
61921383.0	61921469.0	61316251.0	61316337.0	-605132.0
61921470.0	61921473.0	61316244.0	61316247.0	-605226.0
61921478.0	61921481.0	61316240.0	61316243.0	-605238.0
61921482.0	61921624.0	61316096.0	61316238.0	-605386.0
61921626.0	61921700.0	61316021.0	61316095.0	-605605.0
61921705.0	61921705.0	61316020.0	61316020.0	-605685.0
61921706.0	61921710.0	61316013.0	61316017.0	-605693.0
61921711.0	61921717.0	61316003.0	61316009.0	-605708.0
61921718.0	61921742.0	61315977.0	61316001.0	-605741.0
61921743.0	61921746.0	61315972.0	61315975.0	-605771.0
61921748.0	61921789.0	61315930.0	61315971.0	-605818.0
61921791.0	61921820.0	61315900.0	61315929.0	-605891.0
61921825.0	61921825.0	61315899.0	61315899.0	-605926.0
61921826.0	61921912.0	61315804.0	61315890.0	-606022.0
61921931.0	61921932.0	61315802.0	61315803.0	-606129.0
61921933.0	61921952.0	61315764.0	61315783.0	-606169.0
61921953.0	61921953.0	61315761.0	61315761.0	-606192.0
61921956.0	61922003.0	61315713.0	61315760.0	-606243.0
61922004.0	61922007.0	61315696.0	61315699.0	-606308.0
61922019.0	61922055.0	61315659.0	61315695.0	-606360.0
61922057.0	61922064.0	61315651.0	61315658.0	-606406.0
61922065.0	61922066.0	61315647.0	61315648.0	-606418.0
61922069.0	61922083.0	61315632.0	61315646.0	-606437.0
61922093.0	61922100.0	61315624.0	61315631.0	-606469.0
61922101.0	61922155.0	61315560.0	61315614.0	-606541.0
61922158.0	61922160.0	61315557.0	61315559.0	-606601.0
61922161.0	61922209.0	61315506.0	61315554.0	-606655.0
61922214.0	61922217.0	61315502.0	61315505.0	-606712.0
61922218.0	61922328.0	61315387.0	61315497.0	-606831.0
61922334.0	61922339.0	61315381.0	61315386.0	-606953.0
61922340.0	61922387.0	61315328.0	61315375.0	-607012.0
61922389.0	61922402.0	61315314.0	61315327.0	-607075.0
61922404.0	61922479.0	61315238.0	61315313.0	-607166.0
61922480.0	61922612.0	61315104.0	61315236.0	-607376.0
61922618.0	61922618.0	61315103.0	61315103.0	-607515.0
61922619.0	61922637.0	61315079.0	61315097.0	-607540.0
61922638.0	61922638.0	61315074.0	61315074.0	-607564.0
61922643.0	61922749.0	61314967.0	61315073.0	-607676.0
61922750.0	61922750.0	61314961.0	61314961.0	-607789.0
61922756.0	61922768.0	61314948.0	61314960.0	-607808.0
61922780.0	61922783.0	61314944.0	61314947.0	-607836.0
61922784.0	61922957.0	61314758.0	61314931.0	-608026.0
61922969.0	61922975.0	61314751.0	61314757.0	-608218.0
61922976.0	61922980.0	61314733.0	61314737.0	-608243.0
61922981.0	61922981.0	61314730.0	61314730.0	-608251.0
61922986.0	61923013.0	61314702.0	61314729.0	-608284.0
61923016.0	61923016.0	61314701.0	61314701.0	-608315.0
61923017.0	61923088.0	61314627.0	61314698.0	-608390.0
61923089.0	61923091.0	61314620.0	61314622.0	-608469.0
61923096.0	61923127.0	61314588.0	61314619.0	-608508.0
61923128.0	61923129.0	61314579.0	61314580.0	-608549.0
61923137.0	61923146.0	61314569.0	61314578.0	-608568.0
61923150.0	61923150.0	61314568.0	61314568.0	-608582.0
61923151.0	61923165.0	61314550.0	61314564.0	-608601.0
61923167.0	61923243.0	61314473.0	61314549.0	-608694.0
61923244.0	61923261.0	61314451.0	61314468.0	-608793.0
61923267.0	61923268.0	61314449.0	61314450.0	-608818.0
61923269.0	61923320.0	61314392.0	61314443.0	-608877.0
61923325.0	61923325.0	61314391.0	61314391.0	-608934.0
61923326.0	61923432.0	61314280.0	61314386.0	-609046.0
61923433.0	61923437.0	61314274.0	61314278.0	-609159.0
61923439.0	61923451.0	61314261.0	61314273.0	-609178.0
61923463.0	61923467.0	61314256.0	61314260.0	-609207.0
61923468.0	61923470.0	61314251.0	61314253.0	-609217.0
61923471.0	61923484.0	61314229.0	61314242.0	-609242.0
61923489.0	61923489.0	61314228.0	61314228.0	-609261.0
61923490.0	61923591.0	61314122.0	61314223.0	-609368.0
61923592.0	61923655.0	61314052.0	61314115.0	-609540.0
61923658.0	61923663.0	61314046.0	61314051.0	-609612.0
61923664.0	61923919.0	61313788.0	61314043.0	-609876.0
61923924.0	61923954.0	61313757.0	61313787.0	-610167.0
61923955.0	61923962.0	61313747.0	61313754.0	-610208.0
61923965.0	61924018.0	61313693.0	61313746.0	-610272.0
61924019.0	61924146.0	61313564.0	61313691.0	-610455.0
61924149.0	61924158.0	61313554.0	61313563.0	-610595.0
61924159.0	61924214.0	61313496.0	61313551.0	-610663.0
61924215.0	61924216.0	61313492.0	61313493.0	-610723.0
61924219.0	61924275.0	61313435.0	61313491.0	-610784.0
61924281.0	61924491.0	61313224.0	61313434.0	-611057.0
61924492.0	61924494.0	61313219.0	61313221.0	-611273.0
61924496.0	61924503.0	61313211.0	61313218.0	-611285.0
61924505.0	61924602.0	61313113.0	61313210.0	-611392.0
61924604.0	61924642.0	61313074.0	61313112.0	-611530.0
61924646.0	61924657.0	61313062.0	61313073.0	-611584.0
61924658.0	61924693.0	61313023.0	61313058.0	-611635.0
61924694.0	61924703.0	61313012.0	61313021.0	-611682.0
61924705.0	61924722.0	61312994.0	61313011.0	-611711.0
61924723.0	61924824.0	61312891.0	61312992.0	-611832.0
61924825.0	61924924.0	61312790.0	61312889.0	-612035.0
61924925.0	61924928.0	61312777.0	61312780.0	-612148.0
61924938.0	61924966.0	61312748.0	61312776.0	-612190.0
61924968.0	61925041.0	61312674.0	61312747.0	-612294.0
61925042.0	61925269.0	61312445.0	61312672.0	-612597.0
61925273.0	61925273.0	61312444.0	61312444.0	-612829.0
61925274.0	61925287.0	61312427.0	61312440.0	-612847.0
61925288.0	61925300.0	61312413.0	61312425.0	-612875.0
61925301.0	61925310.0	61312395.0	61312404.0	-612906.0
61925318.0	61925338.0	61312374.0	61312394.0	-612944.0
61925339.0	61925340.0	61312371.0	61312372.0	-612968.0
61925343.0	61925351.0	61312362.0	61312370.0	-612981.0
61925352.0	61925373.0	61312339.0	61312360.0	-613013.0
61925379.0	61925379.0	61312338.0	61312338.0	-613041.0
61925380.0	61925411.0	61312302.0	61312333.0	-613078.0
61925413.0	61925505.0	61312209.0	61312301.0	-613204.0
61925507.0	61925545.0	61312170.0	61312208.0	-613337.0
61925546.0	61925546.0	61312165.0	61312165.0	-613381.0
61925551.0	61925613.0	61312102.0	61312164.0	-613449.0
61925614.0	61925615.0	61312099.0	61312100.0	-613515.0
61925617.0	61925647.0	61312068.0	61312098.0	-613549.0
61925648.0	61925657.0	61312057.0	61312066.0	-613591.0
61925658.0	61925658.0	61312052.0	61312052.0	-613606.0
61925663.0	61925726.0	61311988.0	61312051.0	-613675.0
61925728.0	61925731.0	61311984.0	61311987.0	-613744.0
61925732.0	61925814.0	61311900.0	61311982.0	-613832.0
61925815.0	61925820.0	61311881.0	61311886.0	-613934.0
61925821.0	61925825.0	61311873.0	61311877.0	-613948.0
61925842.0	61925986.0	61311728.0	61311872.0	-614114.0
61925988.0	61925998.0	61311717.0	61311727.0	-614271.0
61925999.0	61926000.0	61311713.0	61311714.0	-614286.0
61926003.0	61926191.0	61311524.0	61311712.0	-614479.0
61926200.0	61926200.0	61311523.0	61311523.0	-614677.0
61926201.0	61926237.0	61311478.0	61311514.0	-614723.0
61926238.0	61926329.0	61311381.0	61311472.0	-614857.0
61926331.0	61926413.0	61311298.0	61311380.0	-615033.0
61926415.0	61926450.0	61311262.0	61311297.0	-615153.0
61926451.0	61926864.0	61310847.0	61311260.0	-615604.0
61926865.0	61926866.0	61310843.0	61310844.0	-616022.0
61926868.0	61926877.0	61310833.0	61310842.0	-616035.0
61926878.0	61926879.0	61310829.0	61310830.0	-616049.0
61926882.0	61926886.0	61310824.0	61310828.0	-616058.0
61926889.0	61926890.0	61310822.0	61310823.0	-616067.0
61926891.0	61926903.0	61310807.0	61310819.0	-616084.0
61926904.0	61926907.0	61310795.0	61310798.0	-616109.0
61926908.0	61926909.0	61310792.0	61310793.0	-616116.0
61926924.0	61927058.0	61310657.0	61310791.0	-616267.0
61927061.0	61927064.0	61310653.0	61310656.0	-616408.0
61927065.0	61927071.0	61310645.0	61310651.0	-616420.0
61927072.0	61927136.0	61310579.0	61310643.0	-616493.0
61927138.0	61927335.0	61310381.0	61310578.0	-616757.0
61927336.0	61927421.0	61310294.0	61310379.0	-617042.0
61927422.0	61927423.0	61310290.0	61310291.0	-617132.0
61927426.0	61927558.0	61310157.0	61310289.0	-617269.0
61927560.0	61927646.0	61310070.0	61310156.0	-617490.0
61927657.0	61927658.0	61310068.0	61310069.0	-617589.0
61927659.0	61927797.0	61309919.0	61310057.0	-617740.0
61927802.0	61927808.0	61309912.0	61309918.0	-617890.0
61927811.0	61927814.0	61309908.0	61309911.0	-617903.0
61927815.0	61927921.0	61309795.0	61309901.0	-618020.0
61927922.0	61928020.0	61309695.0	61309793.0	-618227.0
61928022.0	61928115.0	61309601.0	61309694.0	-618421.0
61928116.0	61928300.0	61309415.0	61309599.0	-618701.0
61928301.0	61928364.0	61309349.0	61309412.0	-618952.0
61928381.0	61928388.0	61309341.0	61309348.0	-619040.0
61928389.0	61928393.0	61309329.0	61309333.0	-619060.0
61928394.0	61928397.0	61309323.0	61309326.0	-619071.0
61928398.0	61928467.0	61309246.0	61309315.0	-619152.0
61928468.0	61928544.0	61309167.0	61309243.0	-619301.0
61928545.0	61928555.0	61309155.0	61309165.0	-619390.0
61928558.0	61928577.0	61309135.0	61309154.0	-619423.0
61928578.0	61928579.0	61309129.0	61309130.0	-619449.0
61928584.0	61928600.0	61309112.0	61309128.0	-619472.0
61928607.0	61928607.0	61309111.0	61309111.0	-619496.0
61928608.0	61928626.0	61309087.0	61309105.0	-619521.0
61928631.0	61928632.0	61309085.0	61309086.0	-619546.0
61928633.0	61928657.0	61309055.0	61309079.0	-619578.0
61928658.0	61928665.0	61309042.0	61309049.0	-619616.0
61928666.0	61928666.0	61309038.0	61309038.0	-619628.0
61928672.0	61928726.0	61308983.0	61309037.0	-619689.0
61928728.0	61928770.0	61308940.0	61308982.0	-619788.0
61928773.0	61928778.0	61308934.0	61308939.0	-619839.0
61928779.0	61928795.0	61308915.0	61308931.0	-619864.0
61928796.0	61928797.0	61308908.0	61308909.0	-619888.0
61928804.0	61928883.0	61308828.0	61308907.0	-619976.0
61928885.0	61928955.0	61308757.0	61308827.0	-620128.0
61928969.0	61928974.0	61308751.0	61308756.0	-620218.0
61928975.0	61929050.0	61308664.0	61308739.0	-620311.0
61929059.0	61929060.0	61308662.0	61308663.0	-620397.0
61929061.0	61929079.0	61308635.0	61308653.0	-620426.0
61929085.0	61929085.0	61308634.0	61308634.0	-620451.0
61929086.0	61929152.0	61308562.0	61308628.0	-620524.0
61929155.0	61929233.0	61308483.0	61308561.0	-620672.0
61929234.0	61929286.0	61308429.0	61308481.0	-620805.0
61929289.0	61929291.0	61308426.0	61308428.0	-620863.0
61929292.0	61929323.0	61308392.0	61308423.0	-620900.0
61929325.0	61929349.0	61308367.0	61308391.0	-620958.0
61929351.0	61929357.0	61308360.0	61308366.0	-620991.0
61929360.0	61929416.0	61308303.0	61308359.0	-621057.0
61929417.0	61929540.0	61308178.0	61308301.0	-621239.0
61929541.0	61929564.0	61308153.0	61308176.0	-621388.0
61929565.0	61929569.0	61308145.0	61308149.0	-621420.0
61929576.0	61929579.0	61308141.0	61308144.0	-621435.0
61929580.0	61933799.0	61303917.0	61308136.0	-625663.0
61933800.0	61937374.0	61300340.0	61303914.0	-633460.0
61937375.0	61946589.0	61291123.0	61300337.0	-646252.0
61946593.0	61952714.0	61285001.0	61291122.0	-661592.0
61952715.0	61961610.0	61276104.0	61284999.0	-676611.0
61961611.0	61966173.0	61271540.0	61276102.0	-690071.0
61966175.0	62118155.0	61119559.0	61271539.0	-846616.0
62118157.0	62118622.0	61119093.0	61119558.0	-999064.0
62118624.0	62121123.0	61116593.0	61119092.0	-1002031.0
62121124.0	62122155.0	61115558.0	61116589.0	-1005566.0
62122156.0	62123356.0	61114355.0	61115555.0	-1007801.0
62123359.0	62124569.0	61113144.0	61114354.0	-1010215.0
62124570.0	62125479.0	61112233.0	61113142.0	-1012337.0
62125481.0	62127501.0	61110212.0	61112232.0	-1015269.0
62127502.0	62128589.0	61109123.0	61110210.0	-1018379.0
62178590.0	62179003.0	61468684.0	61469097.0	-709906.0
62179004.0	64368658.0	61469099.0	63658753.0	-709905.0
64368659.0	64398136.0	63658758.0	63688235.0	-709901.0
64398137.0	64417775.0	63688247.0	63707885.0	-709890.0
64417782.0	64433684.0	63707886.0	63723788.0	-709896.0
64433685.0	68592717.0	63723792.0	67882824.0	-709893.0
68592718.0	70897391.0	67882826.0	70187499.0	-709892.0
70897392.0	70897392.0	70187594.0	70187594.0	-709798.0
70897393.0	70917559.0	70187689.0	70207855.0	-709704.0
70917560.0	73054166.0	70207857.0	72344463.0	-709703.0
73054167.0	73268182.0	72344465.0	72558480.0	-709702.0
73268184.0	73269995.0	72558481.0	72560292.0	-709703.0
73269998.0	73272116.0	72560293.0	72562411.0	-709705.0
73272117.0	73274229.0	72562416.0	72564528.0	-709701.0
73274230.0	73275194.0	72564541.0	72565505.0	-709689.0
73275198.0	73275348.0	72565506.0	72565656.0	-709692.0
73275351.0	73275494.0	72565657.0	72565800.0	-709694.0
73275500.0	73279007.0	72565801.0	72569308.0	-709699.0
73279008.0	73280946.0	72569310.0	72571248.0	-709698.0
73280949.0	73286161.0	72571249.0	72576461.0	-709700.0
73286164.0	73287113.0	72576462.0	72577411.0	-709702.0
73287130.0	73288683.0	72577412.0	72578965.0	-709718.0
73288685.0	73290853.0	72578966.0	72581134.0	-709719.0
73290866.0	73296114.0	72581135.0	72586383.0	-709731.0
73296116.0	73297639.0	72586384.0	72587907.0	-709732.0
73297640.0	73297655.0	72587909.0	72587924.0	-709731.0
73297656.0	73298011.0	72587926.0	72588281.0	-709730.0
73298012.0	73306931.0	72588283.0	72597202.0	-709729.0
73306932.0	73307546.0	72597204.0	72597818.0	-709728.0
73307547.0	73307965.0	72597820.0	72598238.0	-709727.0
73307967.0	73310721.0	72598239.0	72600993.0	-709728.0
73310722.0	73311116.0	72600995.0	72601389.0	-709727.0
73311118.0	73374388.0	72601390.0	72664660.0	-709728.0
73374389.0	73432122.0	72664665.0	72722398.0	-709724.0
73432123.0	74529689.0	72722400.0	73819966.0	-709723.0
74529691.0	74539505.0	73819967.0	73829781.0	-709724.0
74539508.0	74549375.0	73829782.0	73839649.0	-709726.0
74549376.0	74549381.0	73839661.0	73839666.0	-709715.0
74549382.0	74553742.0	73839685.0	73844045.0	-709697.0
74553743.0	74556754.0	73844047.0	73847058.0	-709696.0
74556756.0	74559879.0	73847059.0	73850182.0	-709697.0
74559880.0	74560130.0	73850184.0	73850434.0	-709696.0
74560131.0	74561065.0	73850436.0	73851370.0	-709695.0
74561074.0	74561677.0	73851371.0	73851974.0	-709703.0
74561684.0	74563166.0	73851975.0	73853457.0	-709709.0
74563169.0	74565128.0	73853458.0	73855417.0	-709711.0
74565130.0	74570552.0	73855418.0	73860840.0	-709712.0
74570553.0	74572540.0	73860842.0	73862829.0	-709711.0
74572545.0	74578733.0	73862830.0	73869018.0	-709715.0
74578734.0	74582445.0	73869020.0	73872731.0	-709714.0
74582447.0	74588455.0	73872732.0	73878740.0	-709715.0
74588457.0	76454624.0	73878741.0	75744908.0	-709716.0
76454626.0	83515891.0	75744909.0	82806174.0	-709717.0
83515894.0	83516018.0	82806175.0	82806299.0	-709719.0
83516019.0	83517030.0	82806301.0	82807312.0	-709718.0
83517032.0	84888387.0	82807313.0	84178668.0	-709719.0
84888388.0	88749452.0	84178670.0	88039734.0	-709718.0
88750813.0	88829859.0	88041095.0	88120141.0	-709718.0
88829861.0	91462565.0	88120142.0	90752846.0	-709719.0
91462566.0	95665302.0	90752848.0	94955584.0	-709718.0
95665303.0	95680543.0	94955586.0	94970826.0	-709717.0
95830544.0	102003985.0	95382668.0	101556109.0	-447876.0
102003986.0	107305326.0	101556111.0	106857451.0	-447875.0
107305328.0	107307803.0	106857452.0	106859927.0	-447876.0
107307813.0	107307838.0	106859928.0	106859953.0	-447885.0
107307839.0	107309599.0	106860151.0	106861911.0	-447688.0
107309600.0	107309720.0	106988397.0	106988517.0	-321203.0
107309721.0	107311253.0	106988519.0	106990051.0	-321202.0
107311254.0	107311415.0	106990053.0	106990214.0	-321201.0
107311416.0	107314034.0	106990216.0	106992834.0	-321200.0
107314039.0	108764582.0	106992835.0	108443378.0	-321204.0
108764583.0	112446301.0	108443380.0	112125098.0	-321203.0
112446302.0	112522235.0	112125100.0	112201033.0	-321202.0
112522236.0	112562487.0	112201035.0	112241286.0	-321201.0
112562489.0	114095034.0	112241287.0	113773832.0	-321202.0
114095036.0	114156466.0	113773833.0	113835263.0	-321203.0
114156467.0	114157188.0	113835278.0	113835999.0	-321189.0
114157189.0	114158984.0	113836001.0	113837796.0	-321188.0
114158985.0	114171618.0	113837798.0	113850431.0	-321187.0
114171621.0	114172471.0	113850432.0	113851282.0	-321189.0
114172472.0	114176215.0	113851284.0	113855027.0	-321188.0
114176216.0	114178843.0	113855037.0	113857664.0	-321179.0
114178844.0	114182172.0	113857668.0	113860996.0	-321176.0
114182174.0	114182251.0	113860997.0	113861074.0	-321177.0
114182253.0	114182782.0	113861075.0	113861604.0	-321178.0
114182784.0	114183162.0	113861605.0	113861983.0	-321179.0
114183163.0	114183592.0	113861985.0	113862414.0	-321178.0
114183593.0	114185011.0	113862416.0	113863834.0	-321177.0
114185012.0	114186236.0	113863844.0	113865068.0	-321168.0
114186237.0	114188340.0	113865073.0	113867176.0	-321164.0
114188342.0	114206043.0	113867177.0	113884878.0	-321165.0
114206045.0	114208166.0	113884879.0	113887000.0	-321166.0
114208167.0	115888376.0	113887003.0	115567212.0	-321164.0
115889782.0	116231765.0	115568618.0	115910601.0	-321164.0
116231766.0	119187019.0	115910603.0	118865856.0	-321163.0
119187020.0	119189056.0	118865858.0	118867894.0	-321162.0
119189060.0	119204625.0	118867895.0	118883460.0	-321165.0
119204626.0	119217205.0	118883462.0	118896041.0	-321164.0
119217207.0	119926267.0	118896042.0	119605102.0	-321165.0
119926268.0	119937443.0	119605104.0	119616279.0	-321164.0
119937444.0	119944199.0	119616281.0	119623036.0	-321163.0
119944201.0	119946959.0	119623037.0	119625795.0	-321164.0
119946961.0	119948872.0	119625796.0	119627707.0	-321165.0
119948873.0	119950112.0	119627709.0	119628948.0	-321164.0
119950113.0	119977135.0	119628952.0	119655974.0	-321161.0
119977136.0	120021431.0	119655979.0	119700274.0	-321157.0
120021432.0	120021446.0	119700276.0	119700290.0	-321156.0
120021447.0	120043177.0	119700293.0	119722023.0	-321154.0
120043178.0	120058646.0	119722040.0	119737508.0	-321138.0
120058653.0	120059215.0	119737509.0	119738071.0	-321144.0
120059218.0	122622166.0	119738072.0	122301020.0	-321146.0
122622167.0	124542131.0	122301022.0	124220986.0	-321145.0
124542133.0	126991093.0	124220987.0	126669947.0	-321146.0
126991094.0	131107156.0	126669949.0	130786011.0	-321145.0
131107157.0	131124471.0	130786015.0	130803329.0	-321142.0
131124472.0	132536344.0	130803332.0	132215204.0	-321140.0
132536345.0	133534503.0	132215206.0	133213364.0	-321139.0
133534504.0	137291758.0	133213366.0	136970620.0	-321138.0
137291759.0	144546951.0	136970622.0	144225814.0	-321137.0
144546952.0	151461449.0	144225816.0	151140313.0	-321136.0
151461450.0	154490089.0	151140315.0	154168954.0	-321135.0
154490090.0	157559467.0	154168956.0	157238333.0	-321134.0
157609468.0	157641299.0	157238334.0	157270165.0	-371134.0
157691301.0	164676192.0	157270269.0	164255160.0	-421032.0
164676194.0	165188961.0	164255161.0	164767928.0	-421033.0
165188963.0	165193839.0	164767929.0	164772805.0	-421034.0
165193840.0	165196145.0	164772810.0	164775115.0	-421030.0
165196146.0	165202640.0	164782638.0	164789132.0	-413508.0
165202642.0	165203943.0	164789133.0	164790434.0	-413509.0
165203948.0	165204123.0	164790435.0	164790610.0	-413513.0
165204124.0	165205937.0	164790629.0	164792442.0	-413495.0
165205938.0	165205994.0	164792444.0	164792500.0	-413494.0
165205995.0	165212356.0	164792506.0	164798867.0	-413489.0
165212358.0	165213701.0	164798868.0	164800211.0	-413490.0
165213702.0	165825588.0	164800213.0	165412099.0	-413489.0
165825589.0	167846378.0	165412101.0	167432890.0	-413488.0
167846379.0	167846392.0	167434162.0	167434175.0	-412217.0
167846396.0	167846410.0	167434176.0	167434190.0	-412220.0
167846421.0	167846424.0	167434191.0	167434194.0	-412230.0
167846425.0	167846468.0	167434206.0	167434249.0	-412219.0
167846469.0	167846553.0	167434253.0	167434337.0	-412216.0
167846556.0	167846571.0	167434338.0	167434353.0	-412218.0
167846572.0	167846581.0	167434357.0	167434366.0	-412215.0
167846584.0	167877548.0	167434367.0	167465331.0	-412217.0
167877553.0	167882722.0	167465332.0	167470501.0	-412221.0
167882725.0	167890772.0	167470502.0	167478549.0	-412223.0
167890773.0	167891140.0	167478551.0	167478918.0	-412222.0
167891145.0	167893134.0	167478919.0	167480908.0	-412226.0
167893135.0	167896763.0	167480944.0	167484572.0	-412191.0
167896765.0	167942073.0	167484573.0	167529881.0	-412192.0
168042074.0	169069613.0	167641394.0	168668933.0	-400680.0
169069615.0	169069654.0	168668934.0	168668973.0	-400681.0
169069655.0	169069676.0	168669053.0	168669074.0	-400602.0
169069677.0	169069700.0	168669093.0	168669116.0	-400584.0
169069701.0	169069719.0	168669120.0	168669138.0	-400581.0
169069720.0	169070877.0	168669180.0	168670337.0	-400540.0
169070878.0	169075305.0	168670339.0	168674766.0	-400539.0
169075306.0	169078960.0	168674784.0	168678438.0	-400522.0
169078962.0	169079346.0	168678439.0	168678823.0	-400523.0
169079347.0	169079616.0	168678826.0	168679095.0	-400521.0
169079617.0	169080524.0	168679450.0	168680357.0	-400167.0
169080525.0	169080976.0	168680368.0	168680819.0	-400157.0
169080980.0	169080992.0	168680820.0	168680832.0	-400160.0
169080993.0	169081635.0	168680837.0	168681479.0	-400156.0
169081636.0	169081884.0	168681519.0	168681767.0	-400117.0
169081885.0	169088153.0	168681769.0	168688037.0	-400116.0
169088154.0	169089848.0	168688039.0	168689733.0	-400115.0
169089849.0	169090267.0	168689739.0	168690157.0	-400110.0
169090272.0	169093628.0	168690158.0	168693514.0	-400114.0
169093629.0	169094652.0	168693515.0	168694538.0	-400114.0
169094653.0	169095367.0	168694539.0	168695253.0	-400114.0
169095369.0	169097143.0	168695254.0	168697028.0	-400115.0
169097161.0	169098056.0	168697029.0	168697924.0	-400132.0
169098057.0	169102792.0	168697926.0	168702661.0	-400131.0
169102793.0	169105101.0	168702665.0	168704973.0	-400128.0
169105102.0	169105947.0	168704976.0	168705821.0	-400126.0
169106056.0	169107604.0	168705822.0	168707370.0	-400234.0
169107606.0	169113427.0	168707371.0	168713192.0	-400235.0
169113429.0	169114064.0	168713193.0	168713828.0	-400236.0
169114066.0	169114598.0	168713829.0	168714361.0	-400237.0
169114599.0	169115662.0	168714369.0	168715432.0	-400230.0
169115663.0	169118951.0	168715524.0	168718812.0	-400139.0
169118952.0	169119508.0	168718826.0	168719382.0	-400126.0
169119509.0	169121301.0	168719397.0	168721189.0	-400112.0
169121302.0	169126971.0	168721193.0	168726862.0	-400109.0
169126972.0	169127460.0	168726872.0	168727360.0	-400100.0
169127461.0	169128706.0	168727364.0	168728609.0	-400097.0
169128707.0	169129576.0	168728612.0	168729481.0	-400095.0
169129577.0	169134000.0	168729501.0	168733924.0	-400076.0
169134002.0	169135681.0	168733925.0	168735604.0	-400077.0
169135687.0	169136273.0	168735605.0	168736191.0	-400082.0
169136277.0	169136331.0	168736192.0	168736246.0	-400085.0
169136336.0	169139759.0	168736247.0	168739670.0	-400089.0
169139767.0	169144317.0	168739671.0	168744221.0	-400096.0
169144318.0	169144945.0	168744224.0	168744851.0	-400094.0
169144947.0	169150053.0	168744852.0	168749958.0	-400095.0
169150058.0	169150111.0	168749959.0	168750012.0	-400099.0
169150112.0	169150962.0	168750014.0	168750864.0	-400098.0
169150963.0	169153784.0	168750866.0	168753687.0	-400097.0
169153785.0	169927829.0	168753690.0	169527734.0	-400095.0
169927831.0	170279972.0	169527735.0	169879876.0	-400096.0
170329973.0	170521409.0	170014749.0	170206185.0	-315224.0
170521412.0	170522000.0	170206186.0	170206774.0	-315226.0
170522009.0	170529358.0	170206775.0	170214124.0	-315234.0
170529359.0	170529658.0	170214126.0	170214425.0	-315233.0
170529659.0	170529709.0	170214481.0	170214531.0	-315178.0
170529710.0	170529718.0	170214534.0	170214542.0	-315176.0
170529720.0	170529760.0	170214543.0	170214583.0	-315177.0
170529761.0	170529770.0	170214586.0	170214595.0	-315175.0
170529772.0	170529864.0	170214596.0	170214688.0	-315176.0
170529865.0	170529874.0	170214691.0	170214700.0	-315174.0
170529876.0	170529926.0	170214701.0	170214751.0	-315175.0
170529928.0	170530125.0	170214752.0	170214949.0	-315176.0
170530126.0	170530135.0	170214952.0	170214961.0	-315174.0
170530137.0	170530240.0	170214962.0	170215065.0	-315175.0
170530242.0	170530282.0	170215066.0	170215106.0	-315176.0
170530283.0	170530291.0	170215109.0	170215117.0	-315174.0
170530293.0	170530333.0	170215118.0	170215158.0	-315175.0
170530334.0	170530366.0	170215161.0	170215193.0	-315173.0
170530367.0	170530433.0	170215210.0	170215276.0	-315157.0
170530434.0	170530591.0	170215328.0	170215485.0	-315106.0
170530592.0	170530682.0	170215487.0	170215577.0	-315105.0
170530685.0	170530691.0	170215578.0	170215584.0	-315107.0
170530692.0	170546497.0	170220902.0	170236707.0	-309790.0
170546498.0	171055067.0	170237410.0	170745979.0	-309088.0
