10001.0	232484.0	10001.0	232484.0	0.0
282485.0	466407.0	242519.0	426441.0	-39966.0
466425.0	483656.0	426442.0	443673.0	-39983.0
483657.0	483657.0	443678.0	443678.0	-39979.0
483662.0	483752.0	443679.0	443769.0	-39983.0
483753.0	483753.0	443791.0	443791.0	-39962.0
483765.0	483778.0	443792.0	443805.0	-39973.0
483779.0	483789.0	443822.0	443832.0	-39957.0
483790.0	496669.0	443913.0	456792.0	-39877.0
496670.0	496702.0	456835.0	456867.0	-39835.0
496704.0	496719.0	456868.0	456883.0	-39836.0
496721.0	496757.0	456884.0	456920.0	-39837.0
496759.0	496811.0	456921.0	456973.0	-39838.0
496812.0	496977.0	457018.0	457183.0	-39794.0
496978.0	497008.0	457241.0	457271.0	-39737.0
497009.0	497041.0	457344.0	457376.0	-39665.0
497042.0	497221.0	457406.0	457585.0	-39636.0
497223.0	961709.0	457586.0	922072.0	-39637.0
961710.0	1980912.0	922074.0	1941276.0	-39636.0
1980913.0	2515384.0	1941278.0	2475749.0	-39635.0
2515385.0	3189903.0	2475751.0	3150269.0	-39634.0
3189904.0	3222405.0	3150271.0	3182772.0	-39633.0
3222406.0	4338180.0	3182774.0	4298548.0	-39632.0
4338181.0	8042953.0	4298550.0	8003322.0	-39631.0
8042954.0	9730979.0	8003324.0	9691349.0	-39630.0
9730980.0	9958501.0	9691351.0	9918872.0	-39629.0
9958502.0	9958777.0	9918875.0	9919150.0	-39627.0
9958779.0	9959662.0	9919151.0	9920034.0	-39628.0
9959668.0	9959898.0	9920035.0	9920265.0	-39633.0
9959899.0	9960034.0	9920267.0	9920402.0	-39632.0
9960035.0	9960631.0	9920404.0	9921000.0	-39631.0
9960633.0	9967156.0	9921001.0	9927524.0	-39632.0
9967158.0	9967355.0	9927525.0	9927722.0	-39633.0
9967356.0	9968884.0	9927724.0	9929252.0	-39632.0
9968885.0	9969335.0	9929255.0	9929705.0	-39630.0
9969336.0	9972691.0	9929710.0	9933065.0	-39626.0
9972693.0	11788758.0	9933066.0	11749131.0	-39627.0
11788759.0	12610746.0	11749133.0	12571120.0	-39626.0
12610747.0	16825705.0	12571122.0	16786080.0	-39625.0
16825706.0	17835126.0	16786082.0	17795502.0	-39624.0
17835127.0	20806464.0	17795504.0	20766841.0	-39623.0
20806465.0	20809921.0	20766843.0	20770299.0	-39622.0
20809922.0	20811598.0	20770301.0	20771977.0	-39621.0
20811599.0	20822304.0	20771979.0	20782684.0	-39620.0
20822305.0	21317972.0	20782686.0	21278353.0	-39619.0
21317973.0	22249896.0	21278355.0	22210278.0	-39618.0
22249898.0	25556042.0	22210279.0	25516423.0	-39619.0
25556044.0	26545965.0	25516424.0	26506345.0	-39620.0
26545966.0	28484324.0	26506347.0	28444705.0	-39619.0
28484325.0	28639202.0	28444707.0	28599584.0	-39618.0
28639203.0	28989529.0	28599586.0	28949912.0	-39617.0
28989530.0	28997497.0	28949914.0	28957881.0	-39616.0
28997499.0	28997596.0	28957882.0	28957979.0	-39617.0
28997597.0	30903581.0	28957981.0	30863965.0	-39616.0
30903582.0	31093606.0	30863967.0	31053991.0	-39615.0
31093608.0	31108526.0	31053992.0	31068910.0	-39616.0
31108527.0	31125084.0	31068912.0	31085469.0	-39615.0
31125085.0	31907117.0	31085471.0	31867503.0	-39614.0
31907118.0	31983854.0	31867505.0	31944241.0	-39613.0
31983855.0	35290244.0	31944243.0	35250632.0	-39612.0
35290245.0	35354959.0	35250634.0	35315348.0	-39611.0
35354960.0	36183695.0	35315350.0	36144085.0	-39610.0
36183696.0	36536715.0	36144087.0	36497106.0	-39609.0
36536716.0	36552732.0	36497108.0	36513124.0	-39608.0
36552733.0	36552792.0	36513126.0	36513185.0	-39607.0
36552793.0	36681763.0	36513187.0	36642157.0	-39606.0
36681764.0	36989627.0	36642159.0	36950022.0	-39605.0
36989629.0	36998305.0	36950023.0	36958699.0	-39606.0
36998306.0	37318865.0	36958701.0	37279260.0	-39605.0
37318866.0	37397886.0	37279262.0	37358282.0	-39604.0
37397887.0	37725424.0	37358284.0	37685821.0	-39603.0
37725425.0	38235607.0	37685823.0	38196005.0	-39602.0
38235608.0	38431646.0	38196007.0	38392045.0	-39601.0
38431647.0	39187707.0	38392047.0	39148107.0	-39600.0
39187708.0	41012115.0	39148109.0	40972516.0	-39599.0
41012116.0	42007663.0	40972518.0	41968065.0	-39598.0
42007665.0	46069121.0	41968066.0	46029522.0	-39599.0
46069122.0	47407242.0	46029524.0	47367644.0	-39598.0
47407243.0	47449152.0	47367646.0	47409555.0	-39597.0
47449154.0	47931958.0	47409556.0	47892360.0	-39598.0
47931959.0	48531000.0	47892362.0	48491403.0	-39597.0
48531001.0	50370631.0	48491405.0	50331035.0	-39596.0
50410632.0	50623769.0	50342934.0	50556071.0	-67698.0
50623770.0	51652182.0	50556073.0	51584485.0	-67697.0
51652183.0	52736879.0	51584487.0	52669183.0	-67696.0
52736880.0	52764102.0	52669185.0	52696407.0	-67695.0
52764103.0	52855670.0	52696409.0	52787976.0	-67694.0
52855671.0	56950786.0	52787978.0	56883093.0	-67693.0
56950791.0	56957002.0	56883094.0	56889305.0	-67697.0
56957004.0	56961325.0	56889306.0	56893627.0	-67698.0
56961326.0	56961858.0	56893629.0	56894161.0	-67697.0
56961859.0	56962194.0	56894166.0	56894501.0	-67693.0
56962195.0	56965161.0	56894504.0	56897470.0	-67691.0
56965163.0	56968542.0	56897471.0	56900850.0	-67692.0
56968543.0	56969090.0	56900854.0	56901401.0	-67689.0
56969091.0	56972171.0	56901405.0	56904485.0	-67686.0
56972178.0	56972669.0	56904486.0	56904977.0	-67692.0
56972670.0	56977670.0	56904979.0	56909979.0	-67691.0
56977672.0	56979308.0	56909980.0	56911616.0	-67692.0
56979310.0	56981131.0	56911617.0	56913438.0	-67693.0
56981136.0	56984965.0	56913439.0	56917268.0	-67697.0
56984966.0	56985221.0	56917270.0	56917525.0	-67696.0
56985223.0	56988129.0	56917526.0	56920432.0	-67697.0
56988131.0	56989278.0	56920433.0	56921580.0	-67698.0
56989281.0	56989827.0	56921581.0	56922127.0	-67700.0
56989836.0	56996747.0	56922128.0	56929039.0	-67708.0
56996750.0	56997310.0	56929040.0	56929600.0	-67710.0
56997312.0	56997613.0	56929601.0	56929902.0	-67711.0
56997614.0	56998658.0	56929904.0	56930948.0	-67710.0
56998659.0	56999166.0	56930951.0	56931458.0	-67708.0
56999167.0	57464575.0	56931460.0	57396868.0	-67707.0
57464576.0	57471823.0	57396872.0	57404119.0	-67704.0
57471826.0	57476506.0	57404120.0	57408800.0	-67706.0
57476517.0	57477890.0	57408801.0	57410174.0	-67716.0
57477891.0	57481593.0	57418179.0	57421881.0	-59712.0
57481594.0	57486584.0	57421890.0	57426880.0	-59704.0
57486586.0	57488608.0	57426881.0	57428903.0	-59705.0
57488610.0	58054331.0	57428904.0	57994625.0	-59706.0
61054332.0	61310513.0	61071607.0	61327788.0	17275.0
61360514.0	61460465.0	62026105.0	62126056.0	665591.0
61659387.0	61660169.0	62419003.0	62419785.0	759616.0
61660170.0	61660175.0	62419789.0	62419794.0	759619.0
61660178.0	61660238.0	62419795.0	62419855.0	759617.0
61660240.0	61660494.0	62419856.0	62420110.0	759616.0
61660496.0	61660849.0	62420111.0	62420464.0	759615.0
61660851.0	61661266.0	62420465.0	62420880.0	759614.0
61661268.0	61661563.0	62420881.0	62421176.0	759613.0
61661565.0	61662282.0	62421177.0	62421894.0	759612.0
61662284.0	61663089.0	62421895.0	62422700.0	759611.0
61663090.0	61663461.0	62422702.0	62423073.0	759612.0
61663462.0	61663493.0	62423075.0	62423106.0	759613.0
61663494.0	61663717.0	62423108.0	62423331.0	759614.0
61664387.0	61665265.0	62424001.0	62424879.0	759614.0
61665266.0	61665400.0	62424882.0	62425016.0	759616.0
61665402.0	61665791.0	62425017.0	62425406.0	759615.0
61665799.0	61666029.0	62425407.0	62425637.0	759608.0
61666030.0	61666167.0	62425640.0	62425777.0	759610.0
61666169.0	61666184.0	62425778.0	62425793.0	759609.0
61666185.0	61666363.0	62425797.0	62425975.0	759612.0
61666366.0	61667706.0	62425976.0	62427316.0	759610.0
61667707.0	61668369.0	62427318.0	62427980.0	759611.0
61668371.0	61668559.0	62427981.0	62428169.0	759610.0
61668561.0	61668717.0	62428170.0	62428326.0	759609.0
61671264.0	61671290.0	62430874.0	62430900.0	759610.0
61671361.0	61672088.0	62430971.0	62431698.0	759610.0
61672089.0	61672574.0	62431700.0	62432185.0	759611.0
61672575.0	61672645.0	62432188.0	62432258.0	759613.0
61672646.0	61672779.0	62432262.0	62432395.0	759616.0
61672781.0	61672801.0	62432396.0	62432416.0	759615.0
61672803.0	61673080.0	62432417.0	62432694.0	759614.0
61673082.0	61673269.0	62432695.0	62432882.0	759613.0
61673271.0	61673334.0	62432883.0	62432946.0	759612.0
61673335.0	61673358.0	62432959.0	62432982.0	759624.0
61673359.0	61673433.0	62432987.0	62433061.0	759628.0
61673435.0	61673504.0	62433062.0	62433131.0	759627.0
61673513.0	61673697.0	62433132.0	62433316.0	759619.0
61673701.0	61673792.0	62433317.0	62433408.0	759616.0
61673794.0	61673985.0	62433409.0	62433600.0	759615.0
61673989.0	61674553.0	62433601.0	62434165.0	759612.0
61674554.0	61676761.0	62434167.0	62436374.0	759613.0
61676790.0	61677020.0	62436375.0	62436605.0	759585.0
61727021.0	61729904.0	62367643.0	62370526.0	640622.0
61732021.0	61811893.0	62287770.0	62367642.0	555749.0
61811894.0	61824323.0	62273224.0	62285653.0	461330.0
61824325.0	61826861.0	62270687.0	62273223.0	446362.0
61826863.0	61826872.0	62270677.0	62270686.0	443814.0
61826877.0	61826905.0	62270648.0	62270676.0	443771.0
61826910.0	61833750.0	62263807.0	62270647.0	436897.0
61833751.0	61836537.0	62261017.0	62263803.0	427266.0
61836538.0	61837130.0	62260422.0	62261014.0	423884.0
61837131.0	61839245.0	62258306.0	62260420.0	421175.0
61839247.0	61845519.0	62252033.0	62258305.0	412786.0
61845531.0	61856928.0	62240635.0	62252032.0	395104.0
61856929.0	61858855.0	62238707.0	62240633.0	381778.0
61858857.0	61858926.0	62238637.0	62238706.0	379780.0
61858927.0	61874181.0	62223381.0	62238635.0	364454.0
61874182.0	61874550.0	62223011.0	62223379.0	348829.0
61874552.0	61879843.0	62217719.0	62223010.0	343167.0
61879844.0	61886747.0	62210814.0	62217717.0	330970.0
61886748.0	61888262.0	62209297.0	62210811.0	322549.0
61888264.0	61894155.0	62203405.0	62209296.0	315141.0
61894156.0	61897411.0	62200148.0	62203403.0	305992.0
61897412.0	61911784.0	62185772.0	62200144.0	288360.0
61911786.0	61917157.0	62180400.0	62185771.0	268614.0
61967158.0	64695712.0	62506780.0	65235334.0	539622.0
64695713.0	64700165.0	65235339.0	65239791.0	539626.0
64700166.0	64701355.0	65239797.0	65240986.0	539631.0
64701356.0	64702084.0	65240988.0	65241716.0	539632.0
64702085.0	64702209.0	65241718.0	65241842.0	539633.0
64702210.0	64705768.0	65241847.0	65245405.0	539637.0
64705770.0	64708375.0	65245406.0	65248011.0	539636.0
64708376.0	64713580.0	65248024.0	65253228.0	539648.0
64713583.0	64713779.0	65253229.0	65253425.0	539646.0
64713780.0	64717712.0	65253432.0	65257364.0	539652.0
64717713.0	64718393.0	65257366.0	65258046.0	539653.0
64718422.0	64718422.0	65258077.0	65258077.0	539655.0
64718423.0	64718427.0	65258115.0	65258119.0	539692.0
64718433.0	64718480.0	65258162.0	65258209.0	539729.0
64718506.0	64718537.0	65258275.0	65258306.0	539769.0
64718547.0	64718550.0	65258321.0	65258324.0	539774.0
64718551.0	64718627.0	65258326.0	65258402.0	539775.0
64718628.0	64718645.0	65258404.0	65258421.0	539776.0
64723259.0	64723288.0	65258047.0	65258076.0	534788.0
64723289.0	64723290.0	65258097.0	65258098.0	534808.0
64723291.0	64723294.0	65258111.0	65258114.0	534820.0
64723295.0	64723332.0	65258123.0	65258160.0	534828.0
64723345.0	64723409.0	65258210.0	65258274.0	534865.0
64723433.0	64723435.0	65258309.0	65258311.0	534876.0
64723437.0	64723445.0	65258312.0	65258320.0	534875.0
64723447.0	64723447.0	65258325.0	65258325.0	534878.0
64723535.0	64723548.0	65258466.0	65258479.0	534931.0
64723550.0	64723562.0	65258480.0	65258492.0	534930.0
64723563.0	64723581.0	65258494.0	65258512.0	534931.0
64723583.0	64723586.0	65258513.0	65258516.0	534930.0
64723587.0	64723592.0	65258527.0	65258532.0	534940.0
64723594.0	64723602.0	65258533.0	65258541.0	534939.0
64723608.0	64723609.0	65258542.0	65258543.0	534934.0
64723610.0	64723642.0	65258550.0	65258582.0	534940.0
64723643.0	64723673.0	65258621.0	65258651.0	534978.0
64723675.0	64723711.0	65258652.0	65258688.0	534977.0
64723712.0	64723721.0	65258693.0	65258702.0	534981.0
64723722.0	64723733.0	65258707.0	65258718.0	534985.0
64723734.0	64723750.0	65258723.0	65258739.0	534989.0
64723751.0	64723753.0	65258742.0	65258744.0	534991.0
64723754.0	64723759.0	65258752.0	65258757.0	534998.0
64723761.0	64723801.0	65258758.0	65258798.0	534997.0
64723802.0	64724141.0	65258800.0	65259139.0	534998.0
64724142.0	64724152.0	65259189.0	65259199.0	535047.0
64724153.0	64724251.0	65259201.0	65259299.0	535048.0
64724252.0	64725169.0	65259342.0	65260259.0	535090.0
64725170.0	64726757.0	65260265.0	65261852.0	535095.0
64726758.0	64737943.0	65261863.0	65273048.0	535105.0
64737951.0	64738556.0	65273049.0	65273654.0	535098.0
64738557.0	64740133.0	65273656.0	65275232.0	535099.0
64740135.0	64740428.0	65275233.0	65275526.0	535098.0
64740431.0	64742143.0	65275527.0	65277239.0	535096.0
64742144.0	64742639.0	65277242.0	65277737.0	535098.0
64742642.0	64742722.0	65277738.0	65277818.0	535096.0
64742723.0	64747501.0	65277820.0	65282598.0	535097.0
64747505.0	64747988.0	65282599.0	65283082.0	535094.0
64747990.0	64751722.0	65283083.0	65286815.0	535093.0
64751747.0	64754479.0	65286816.0	65289548.0	535069.0
64754481.0	64755429.0	65289549.0	65290497.0	535068.0
64755434.0	64755511.0	65290498.0	65290575.0	535064.0
64755512.0	64757400.0	65290581.0	65292469.0	535069.0
64757401.0	64765109.0	65292472.0	65300180.0	535071.0
64765110.0	64765892.0	65300184.0	65300966.0	535074.0
64765895.0	64766849.0	65300967.0	65301921.0	535072.0
64766850.0	64775531.0	65301923.0	65310604.0	535073.0
64775532.0	65094853.0	65310619.0	65629940.0	535087.0
65094854.0	65106560.0	65629942.0	65641648.0	535088.0
65106561.0	65107273.0	65641650.0	65642362.0	535089.0
65107275.0	65108745.0	65642363.0	65643833.0	535088.0
65108747.0	65109990.0	65643834.0	65645077.0	535087.0
65109992.0	65112524.0	65645078.0	65647610.0	535086.0
65112525.0	65114281.0	65647612.0	65649368.0	535087.0
65114282.0	65116849.0	65649370.0	65651937.0	535088.0
65116850.0	65116937.0	65651943.0	65652030.0	535093.0
65116943.0	65117436.0	65652031.0	65652524.0	535088.0
65117442.0	65117943.0	65652525.0	65653026.0	535083.0
65117944.0	65118991.0	65653032.0	65654079.0	535088.0
65118993.0	65121061.0	65654080.0	65656148.0	535087.0
65121063.0	65124873.0	65656149.0	65659959.0	535086.0
65124890.0	65125147.0	65659960.0	65660217.0	535070.0
65125148.0	65126726.0	65660219.0	65661797.0	535071.0
65126745.0	65131146.0	65661798.0	65666199.0	535053.0
65131148.0	65139108.0	65666200.0	65674160.0	535052.0
65139110.0	65141410.0	65674161.0	65676461.0	535051.0
65141425.0	65142742.0	65676462.0	65677779.0	535037.0
65142747.0	65142813.0	65677780.0	65677846.0	535033.0
65142814.0	65144666.0	65677848.0	65679700.0	535034.0
65144670.0	65150084.0	65679701.0	65685115.0	535031.0
65150086.0	65150713.0	65685116.0	65685743.0	535030.0
65150714.0	65150824.0	65685745.0	65685855.0	535031.0
65150825.0	65152294.0	65685858.0	65687327.0	535033.0
65152295.0	65152512.0	65687329.0	65687546.0	535034.0
65152513.0	65152964.0	65687548.0	65687999.0	535035.0
65152966.0	65155379.0	65688000.0	65690413.0	535034.0
65155381.0	65159223.0	65690414.0	65694256.0	535033.0
65159230.0	65171408.0	65694257.0	65706435.0	535027.0
65171409.0	65177387.0	65706444.0	65712422.0	535035.0
65177394.0	65178257.0	65712423.0	65713286.0	535029.0
65178261.0	65179428.0	65713287.0	65714454.0	535026.0
65179430.0	65181043.0	65714455.0	65716068.0	535025.0
65181048.0	65183816.0	65716069.0	65718837.0	535021.0
65183817.0	65193043.0	65718844.0	65728070.0	535027.0
65193044.0	65197547.0	65728077.0	65732580.0	535033.0
65197549.0	65201820.0	65732581.0	65736852.0	535032.0
65201845.0	65204223.0	65736853.0	65739231.0	535008.0
65204224.0	65204897.0	65739242.0	65739915.0	535018.0
65204902.0	65206732.0	65739916.0	65741746.0	535014.0
65206734.0	68744114.0	65741747.0	69279127.0	535013.0
68744115.0	70886109.0	69279129.0	71421123.0	535014.0
70886110.0	72126220.0	71421125.0	72661235.0	535015.0
72126225.0	72127410.0	72661236.0	72662421.0	535011.0
72127411.0	72128762.0	72662434.0	72663785.0	535023.0
72128764.0	72132029.0	72663786.0	72667051.0	535022.0
72132037.0	72134145.0	72667052.0	72669160.0	535015.0
72134148.0	72134954.0	72669161.0	72669967.0	535013.0
72134955.0	72136834.0	72669980.0	72671859.0	535025.0
72136835.0	72136990.0	72671862.0	72672017.0	535027.0
72136993.0	72137484.0	72672018.0	72672509.0	535025.0
72137489.0	72139756.0	72672510.0	72674777.0	535021.0
72139759.0	72140538.0	72674778.0	72675557.0	535019.0
72140545.0	72143629.0	72675558.0	72678642.0	535013.0
72143632.0	72149748.0	72678643.0	72684759.0	535011.0
72149750.0	72150606.0	72684760.0	72685616.0	535010.0
72150607.0	72155301.0	72685618.0	72690312.0	535011.0
72155303.0	72157217.0	72690313.0	72692227.0	535010.0
72157218.0	72158417.0	72692229.0	72693428.0	535011.0
72158419.0	72160955.0	72693429.0	72695965.0	535010.0
72160956.0	72162032.0	72695967.0	72697043.0	535011.0
72162033.0	72163630.0	72697062.0	72698659.0	535029.0
72163631.0	72165153.0	72698661.0	72700183.0	535030.0
72165154.0	72167980.0	72700191.0	72703017.0	535037.0
72167981.0	72168934.0	72703027.0	72703980.0	535046.0
72168936.0	72169411.0	72703981.0	72704456.0	535045.0
72169412.0	72171407.0	72704458.0	72706453.0	535046.0
72171408.0	72174429.0	72706455.0	72709476.0	535047.0
72174431.0	72176454.0	72709477.0	72711500.0	535046.0
72176458.0	72176822.0	72711501.0	72711865.0	535043.0
72176824.0	72178109.0	72711866.0	72713151.0	535042.0
72178111.0	72178283.0	72713152.0	72713324.0	535041.0
72178284.0	72181611.0	72713326.0	72716653.0	535042.0
72181618.0	72181785.0	72716654.0	72716821.0	535036.0
72181788.0	72182642.0	72716822.0	72717676.0	535034.0
72182643.0	72184617.0	72717679.0	72719653.0	535036.0
72184619.0	72188954.0	72719654.0	72723989.0	535035.0
72188956.0	72192797.0	72723990.0	72727831.0	535034.0
72192800.0	72195898.0	72727832.0	72730930.0	535032.0
72195899.0	72196360.0	72730932.0	72731393.0	535033.0
72196362.0	72197046.0	72731394.0	72732078.0	535032.0
72197050.0	72198130.0	72732079.0	72733159.0	535029.0
72198131.0	72199225.0	72733174.0	72734268.0	535043.0
72199241.0	72199817.0	72734269.0	72734845.0	535028.0
72199818.0	72200537.0	72734850.0	72735569.0	535032.0
72200538.0	72200827.0	72735571.0	72735860.0	535033.0
72200830.0	72200835.0	72735861.0	72735866.0	535031.0
72200837.0	72202757.0	72735867.0	72737787.0	535030.0
72202759.0	72203059.0	72737788.0	72738088.0	535029.0
72203061.0	72205377.0	72738089.0	72740405.0	535028.0
72205378.0	72205438.0	72740407.0	72740467.0	535029.0
72205439.0	72205702.0	72740470.0	72740733.0	535031.0
72205704.0	72208989.0	72740734.0	72744019.0	535030.0
72208996.0	72209527.0	72744020.0	72744551.0	535024.0
72209529.0	72210826.0	72744552.0	72745849.0	535023.0
72210827.0	72214746.0	72745854.0	72749773.0	535027.0
72214748.0	72214886.0	72749774.0	72749912.0	535026.0
72214888.0	72214976.0	72749913.0	72750001.0	535025.0
72214978.0	72216017.0	72750002.0	72751041.0	535024.0
72216018.0	72217291.0	72751044.0	72752317.0	535026.0
72217292.0	72217705.0	72752319.0	72752732.0	535027.0
72217714.0	72218461.0	72752733.0	72753480.0	535019.0
72218464.0	72221184.0	72753481.0	72756201.0	535017.0
72221205.0	72222373.0	72756202.0	72757370.0	534997.0
72222375.0	72224464.0	72757371.0	72759460.0	534996.0
72224469.0	72226598.0	72759461.0	72761590.0	534992.0
72226600.0	72229106.0	72761591.0	72764097.0	534991.0
72229109.0	72231624.0	72764098.0	72766613.0	534989.0
72231626.0	72233798.0	72766614.0	72768786.0	534988.0
72233801.0	72235441.0	72768787.0	72770427.0	534986.0
72235443.0	72235968.0	72770428.0	72770953.0	534985.0
72235969.0	72236721.0	72770960.0	72771712.0	534991.0
72236723.0	72239347.0	72771713.0	72774337.0	534990.0
72239348.0	72239390.0	72774339.0	72774381.0	534991.0
72239392.0	72241566.0	72774382.0	72776556.0	534990.0
72241572.0	72241686.0	72776557.0	72776671.0	534985.0
72241687.0	72243944.0	72776676.0	72778933.0	534989.0
72243945.0	72244722.0	72778935.0	72779712.0	534990.0
72244729.0	72247495.0	72779713.0	72782479.0	534984.0
72247496.0	72248398.0	72782481.0	72783383.0	534985.0
72248400.0	72249160.0	72783384.0	72784144.0	534984.0
72249162.0	72251122.0	72784145.0	72786105.0	534983.0
72251123.0	72251589.0	72786107.0	72786573.0	534984.0
72251590.0	72252476.0	72786576.0	72787462.0	534986.0
72252478.0	72252823.0	72787463.0	72787808.0	534985.0
72252825.0	72252989.0	72787809.0	72787973.0	534984.0
72252991.0	72254956.0	72787974.0	72789939.0	534983.0
72254957.0	72256429.0	72789941.0	72791413.0	534984.0
72256430.0	72261257.0	72791417.0	72796244.0	534987.0
72261263.0	72261915.0	72796245.0	72796897.0	534982.0
72261917.0	72261997.0	72796898.0	72796978.0	534981.0
72261998.0	72263057.0	72796980.0	72798039.0	534982.0
72263060.0	72264171.0	72798040.0	72799151.0	534980.0
72264172.0	72265725.0	72799154.0	72800707.0	534982.0
72265726.0	72267057.0	72800710.0	72802041.0	534984.0
72267058.0	72267637.0	72802043.0	72802622.0	534985.0
72267638.0	72270265.0	72802624.0	72805251.0	534986.0
72275846.0	72276846.0	72805252.0	72806252.0	529406.0
72276847.0	72279137.0	72806254.0	72808544.0	529407.0
72279140.0	72279653.0	72808545.0	72809058.0	529405.0
72279654.0	72280272.0	72809061.0	72809679.0	529407.0
72280274.0	72280585.0	72809680.0	72809991.0	529406.0
72280586.0	72280983.0	72809994.0	72810391.0	529408.0
72280984.0	72281892.0	72810398.0	72811306.0	529414.0
72281893.0	72282513.0	72811314.0	72811934.0	529421.0
72282514.0	72282729.0	72811936.0	72812151.0	529422.0
72282731.0	72301125.0	72812152.0	72830546.0	529421.0
72301127.0	72304645.0	72830547.0	72834065.0	529420.0
72304646.0	72308458.0	72834067.0	72837879.0	529421.0
72308459.0	72308492.0	72837882.0	72837915.0	529423.0
72308494.0	72316718.0	72837916.0	72846140.0	529422.0
72316722.0	72319046.0	72846141.0	72848465.0	529419.0
72319048.0	72319179.0	72848466.0	72848597.0	529418.0
72319180.0	72325157.0	72848600.0	72854577.0	529420.0
72325158.0	72327338.0	72854597.0	72856777.0	529439.0
72327339.0	72332617.0	72856779.0	72862057.0	529440.0
72332622.0	72336484.0	72862058.0	72865920.0	529436.0
72336486.0	72340222.0	72865921.0	72869657.0	529435.0
72340224.0	72344495.0	72869658.0	72873929.0	529434.0
72344501.0	72345996.0	72873930.0	72875425.0	529429.0
72345997.0	72347253.0	72875427.0	72876683.0	529430.0
72347255.0	72351504.0	72876684.0	72880933.0	529429.0
72351505.0	72355120.0	72880935.0	72884550.0	529430.0
72355121.0	72365219.0	72884582.0	72894680.0	529461.0
72365220.0	72369354.0	72894683.0	72898817.0	529463.0
72369356.0	72369542.0	72898818.0	72899004.0	529462.0
72369543.0	72394655.0	72899006.0	72924118.0	529463.0
72394657.0	72408908.0	72924119.0	72938370.0	529462.0
72408910.0	72422860.0	72938371.0	72952321.0	529461.0
72422862.0	72423345.0	72952322.0	72952805.0	529460.0
72423346.0	72425626.0	72952807.0	72955087.0	529461.0
72425627.0	72445076.0	72955096.0	72974545.0	529469.0
72445077.0	72457908.0	72974547.0	72987378.0	529470.0
72457909.0	72466464.0	72987380.0	72995935.0	529471.0
72466465.0	72479120.0	72995942.0	73008597.0	529477.0
72479121.0	72482818.0	73008600.0	73012297.0	529479.0
72482827.0	72490232.0	73012298.0	73019703.0	529471.0
72491494.0	72492630.0	73077218.0	73078354.0	585724.0
72493862.0	72494601.0	73079586.0	73080325.0	585724.0
72495024.0	72497630.0	73080747.0	73083353.0	585723.0
72497631.0	72498010.0	73083355.0	73083734.0	585724.0
72498011.0	72506509.0	73083736.0	73092234.0	585725.0
72506519.0	72510854.0	73092235.0	73096570.0	585716.0
72510857.0	72510902.0	73096571.0	73096616.0	585714.0
72510919.0	72515809.0	73096617.0	73101507.0	585698.0
72515810.0	72515855.0	73073472.0	73073517.0	557662.0
72515856.0	72515959.0	73101554.0	73101657.0	585698.0
72515960.0	72519555.0	73073622.0	73077217.0	557662.0
72519556.0	72520389.0	73105251.0	73106084.0	585695.0
72520390.0	72521060.0	73021799.0	73022469.0	501409.0
72521061.0	72521923.0	73078723.0	73079585.0	557662.0
72522665.0	72523085.0	73080326.0	73080746.0	557661.0
72523086.0	72525692.0	73108781.0	73111387.0	585695.0
72525694.0	72526060.0	73111388.0	73111754.0	585694.0
72526078.0	72532473.0	73111755.0	73118150.0	585677.0
72532475.0	72541923.0	73118151.0	73127599.0	585676.0
72541924.0	72548860.0	73127601.0	73134537.0	585677.0
72548879.0	72551934.0	73134538.0	73137593.0	585659.0
72551935.0	72552006.0	73137598.0	73137669.0	585663.0
72552007.0	72555216.0	73137897.0	73141106.0	585890.0
72555217.0	72557129.0	73141113.0	73143025.0	585896.0
72557130.0	72560059.0	73143034.0	73145963.0	585904.0
72560060.0	72565036.0	73145965.0	73150941.0	585905.0
72565037.0	72570296.0	73150949.0	73156208.0	585912.0
72570297.0	72571950.0	73156211.0	73157864.0	585914.0
72571951.0	72580893.0	73157866.0	73166808.0	585915.0
72580894.0	72622310.0	73166854.0	73208270.0	585960.0
72622311.0	72633696.0	73208275.0	73219660.0	585964.0
72633697.0	72643112.0	73219662.0	73229077.0	585965.0
72643113.0	72650798.0	73229079.0	73236764.0	585966.0
72650799.0	72664019.0	73236766.0	73249986.0	585967.0
72664020.0	72666059.0	73249988.0	73252027.0	585968.0
72666061.0	72676459.0	73252028.0	73262426.0	585967.0
72676468.0	72678365.0	73262427.0	73264324.0	585959.0
72678369.0	72691104.0	73264325.0	73277060.0	585956.0
72691105.0	72691423.0	73277081.0	73277399.0	585976.0
72691424.0	72692742.0	73277401.0	73278719.0	585977.0
72692745.0	72694466.0	73278720.0	73280441.0	585975.0
72694467.0	72696967.0	73280450.0	73282950.0	585983.0
72696968.0	72698113.0	73282961.0	73284106.0	585993.0
72698114.0	72698180.0	73284108.0	73284174.0	585994.0
72698181.0	72698257.0	73284176.0	73284252.0	585995.0
72698258.0	72698268.0	73284254.0	73284264.0	585996.0
72698269.0	72698434.0	73284266.0	73284431.0	585997.0
72698435.0	72704924.0	73284433.0	73290922.0	585998.0
72704926.0	72707152.0	73290923.0	73293149.0	585997.0
72707153.0	72713298.0	73293153.0	73299298.0	586000.0
72713299.0	72720382.0	73299302.0	73306385.0	586003.0
72720383.0	72721119.0	73306387.0	73307123.0	586004.0
72721121.0	72723081.0	73307124.0	73309084.0	586003.0
72723082.0	72726464.0	73309087.0	73312469.0	586005.0
72726466.0	72727666.0	73312470.0	73313670.0	586004.0
72727671.0	72729346.0	73313671.0	73315346.0	586000.0
72729347.0	72738350.0	73315348.0	73324351.0	586001.0
72738351.0	72739012.0	73324353.0	73325014.0	586002.0
72739019.0	72740408.0	73325015.0	73326404.0	585996.0
72740409.0	72747284.0	73326406.0	73333281.0	585997.0
72747286.0	72749137.0	73333282.0	73335133.0	585996.0
72749138.0	72751311.0	73335136.0	73337309.0	585998.0
72751313.0	72754096.0	73337310.0	73340093.0	585997.0
72754097.0	72754919.0	73340095.0	73340917.0	585998.0
72754920.0	72755663.0	73340921.0	73341664.0	586001.0
72755665.0	72758593.0	73341665.0	73344593.0	586000.0
72758594.0	72762152.0	73344595.0	73348153.0	586001.0
72762163.0	72769653.0	73348154.0	73355644.0	585991.0
72769655.0	72770075.0	73355645.0	73356065.0	585990.0
72770076.0	72771278.0	73356067.0	73357269.0	585991.0
72771279.0	72771565.0	73357271.0	73357557.0	585992.0
72771567.0	72778908.0	73357558.0	73364899.0	585991.0
72778909.0	72780701.0	73364902.0	73366694.0	585993.0
72780702.0	72781863.0	73366696.0	73367857.0	585994.0
72781864.0	72783917.0	73367870.0	73369923.0	586006.0
72783919.0	72785229.0	73369924.0	73371234.0	586005.0
72785230.0	72785867.0	73371236.0	73371873.0	586006.0
72785868.0	72788760.0	73371875.0	73374767.0	586007.0
72788762.0	72789216.0	73374768.0	73375222.0	586006.0
72789518.0	72789710.0	73375223.0	73375415.0	585705.0
72789732.0	72792233.0	73375416.0	73377917.0	585684.0
72792234.0	72792789.0	73377923.0	73378478.0	585689.0
72792791.0	72793792.0	73378479.0	73379480.0	585688.0
72793794.0	72794165.0	73379481.0	73379852.0	585687.0
72794167.0	72797389.0	73379853.0	73383075.0	585686.0
72797395.0	72798314.0	73383076.0	73383995.0	585681.0
72798319.0	72800565.0	73383996.0	73386242.0	585677.0
72800566.0	72801004.0	73386244.0	73386682.0	585678.0
72801011.0	72801761.0	73386683.0	73387433.0	585672.0
72801763.0	72802595.0	73387434.0	73388266.0	585671.0
72802597.0	72803194.0	73388267.0	73388864.0	585670.0
72803195.0	72803883.0	73388866.0	73389554.0	585671.0
72803885.0	72804239.0	73389555.0	73389909.0	585670.0
72804240.0	72804793.0	73389911.0	73390464.0	585671.0
72804795.0	73993965.0	73390465.0	74579635.0	585670.0
73993966.0	74007765.0	74579637.0	74593436.0	585671.0
74007766.0	74016931.0	74593439.0	74602604.0	585673.0
74016932.0	74023264.0	74602606.0	74608938.0	585674.0
74023265.0	74025494.0	74608942.0	74611171.0	585677.0
74025495.0	74026634.0	74611174.0	74612313.0	585679.0
74026635.0	74029515.0	74612315.0	74615195.0	585680.0
74029516.0	74033018.0	74615197.0	74618699.0	585681.0
74033019.0	74034375.0	74618705.0	74620061.0	585686.0
74034377.0	74039682.0	74620062.0	74625367.0	585685.0
74039684.0	74051324.0	74625368.0	74637008.0	585684.0
74051341.0	74055514.0	74637009.0	74641182.0	585668.0
74055515.0	74056868.0	74641187.0	74642540.0	585672.0
74056871.0	74057385.0	74642541.0	74643055.0	585670.0
74057387.0	74060326.0	74643056.0	74645995.0	585669.0
74060333.0	74060639.0	74645996.0	74646302.0	585663.0
74060640.0	74060997.0	74646304.0	74646661.0	585664.0
74060998.0	74064349.0	74646670.0	74650021.0	585672.0
74064362.0	74069457.0	74650022.0	74655117.0	585660.0
74069458.0	74072005.0	74655131.0	74657678.0	585673.0
74072006.0	74073398.0	74657680.0	74659072.0	585674.0
74073403.0	74074966.0	74659073.0	74660636.0	585670.0
74074968.0	74076029.0	74660637.0	74661698.0	585669.0
74076036.0	74076560.0	74661699.0	74662223.0	585663.0
74076561.0	74076869.0	74662232.0	74662540.0	585671.0
74076873.0	74080862.0	74662541.0	74666530.0	585668.0
74080864.0	74081162.0	74666531.0	74666829.0	585667.0
74081163.0	74082528.0	74666831.0	74668196.0	585668.0
74082530.0	74082683.0	74668197.0	74668350.0	585667.0
74082684.0	74083573.0	74668357.0	74669246.0	585673.0
74083574.0	74085428.0	74669249.0	74671103.0	585675.0
74085429.0	74088024.0	74671105.0	74673700.0	585676.0
74088026.0	74088413.0	74673701.0	74674088.0	585675.0
74088414.0	74092120.0	74674090.0	74677796.0	585676.0
74092130.0	74092571.0	74677797.0	74678238.0	585667.0
74092573.0	74094436.0	74678239.0	74680102.0	585666.0
74094438.0	74097365.0	74680103.0	74683030.0	585665.0
74097366.0	74104898.0	74683032.0	74690564.0	585666.0
74104899.0	74104919.0	74690566.0	74690586.0	585667.0
74104920.0	74112280.0	74690588.0	74697948.0	585668.0
74112281.0	74112746.0	74697950.0	74698415.0	585669.0
74112747.0	74116571.0	74698417.0	74702241.0	585670.0
74116572.0	74117789.0	74702243.0	74703460.0	585671.0
74117790.0	74118622.0	74703463.0	74704295.0	585673.0
74118631.0	74119217.0	74704296.0	74704882.0	585665.0
74119218.0	74119899.0	74704886.0	74705567.0	585668.0
74119900.0	74126856.0	74705569.0	74712525.0	585669.0
74126857.0	74126988.0	74712538.0	74712669.0	585681.0
74126990.0	74131650.0	74712670.0	74717330.0	585680.0
74131651.0	74135060.0	74717332.0	74720741.0	585681.0
74135062.0	74137748.0	74720742.0	74723428.0	585680.0
74137762.0	74139864.0	74723429.0	74725531.0	585667.0
74139866.0	74141168.0	74725532.0	74726834.0	585666.0
74141173.0	74145890.0	74726835.0	74731552.0	585662.0
74145891.0	74146479.0	74731554.0	74732142.0	585663.0
74146484.0	74148109.0	74732143.0	74733768.0	585659.0
74148111.0	74153238.0	74733769.0	74738896.0	585658.0
74153239.0	74153364.0	74738899.0	74739024.0	585660.0
74153365.0	74155025.0	74739030.0	74740690.0	585665.0
74156124.0	74156828.0	74741785.0	74742489.0	585661.0
74156829.0	74157800.0	75202601.0	75203572.0	1045772.0
74158238.0	74160790.0	74743899.0	74746451.0	585661.0
74161729.0	74162130.0	74747391.0	74747792.0	585662.0
74162131.0	74164930.0	74747794.0	74750593.0	585663.0
74164953.0	74165241.0	74750617.0	74750905.0	585664.0
74166135.0	74171208.0	74751803.0	74756876.0	585668.0
74171209.0	74171309.0	75189099.0	75189199.0	1017890.0
74172388.0	74173669.0	75186736.0	75188017.0	1014348.0
74175716.0	74176993.0	75183415.0	75184692.0	1007699.0
74176994.0	74176998.0	75183403.0	75183407.0	1006409.0
74179145.0	74179352.0	75181048.0	75181255.0	1001903.0
74179878.0	74183865.0	74765533.0	74769520.0	585655.0
74183868.0	74190295.0	74769521.0	74775948.0	585653.0
74190296.0	74195205.0	74775950.0	74780859.0	585654.0
74195207.0	74195591.0	74780860.0	74781244.0	585653.0
74195592.0	74196091.0	74781246.0	74781745.0	585654.0
74196092.0	74196777.0	74781747.0	74782432.0	585655.0
74196778.0	74198761.0	74782435.0	74784418.0	585657.0
74198765.0	74200229.0	74784419.0	74785883.0	585654.0
74200230.0	74204459.0	74785886.0	74790115.0	585656.0
74204461.0	74204790.0	74790116.0	74790445.0	585655.0
74204791.0	74206415.0	74790448.0	74792072.0	585657.0
74206416.0	74208765.0	74792074.0	74794423.0	585658.0
74208766.0	74209394.0	74794426.0	74795054.0	585660.0
74209395.0	74214260.0	74795056.0	74799921.0	585661.0
74214263.0	74221459.0	74799922.0	74807118.0	585659.0
74221460.0	74223079.0	74807122.0	74808741.0	585662.0
74223080.0	74223822.0	74808743.0	74809485.0	585663.0
74224018.0	74224188.0	74809486.0	74809656.0	585468.0
74224191.0	74226404.0	74809657.0	74811870.0	585466.0
74226405.0	74227933.0	74811872.0	74813400.0	585467.0
74227936.0	74230394.0	74813401.0	74815859.0	585465.0
74230395.0	74231616.0	74815868.0	74817089.0	585473.0
74231619.0	74232988.0	74817090.0	74818459.0	585471.0
74232991.0	74233188.0	74818460.0	74818657.0	585469.0
74233189.0	74236385.0	74818659.0	74821855.0	585470.0
74236386.0	74236448.0	74821857.0	74821919.0	585471.0
74236449.0	74237624.0	74821921.0	74823096.0	585472.0
74239673.0	74240278.0	75120195.0	75120800.0	880522.0
74240522.0	74241234.0	75119225.0	75119937.0	878703.0
74242368.0	74243785.0	75116657.0	75118074.0	874289.0
74243801.0	74244831.0	75115610.0	75116640.0	871809.0
74245008.0	74245323.0	75115119.0	75115434.0	870111.0
74246540.0	74246625.0	75113818.0	75113903.0	867278.0
74246668.0	74247251.0	75113198.0	75113781.0	866530.0
74248000.0	74249340.0	74832877.0	74834217.0	584877.0
74249341.0	74249828.0	75110637.0	75111124.0	861296.0
74256416.0	74258555.0	75101914.0	75104053.0	845498.0
74258572.0	74260175.0	75100290.0	75101893.0	841718.0
74260398.0	74260680.0	74844074.0	74844356.0	583676.0
74260685.0	74261191.0	74844357.0	74844863.0	583672.0
74261192.0	74262621.0	74844865.0	74846294.0	583673.0
74262622.0	74263133.0	75097334.0	75097845.0	834712.0
74267333.0	74269554.0	75090874.0	75093095.0	823541.0
74270520.0	74273943.0	75086484.0	75089907.0	815964.0
74273958.0	74274459.0	75085967.0	75086468.0	812009.0
74274550.0	74275113.0	74858255.0	74858818.0	583705.0
74275115.0	74275368.0	74858819.0	74859072.0	583704.0
74275369.0	74276175.0	74859075.0	74859881.0	583706.0
74276182.0	74277343.0	74859882.0	74861043.0	583700.0
74277344.0	74277800.0	74861045.0	74861501.0	583701.0
74277802.0	74281725.0	74861502.0	74865425.0	583700.0
74281726.0	74283286.0	74865427.0	74866987.0	583701.0
74283288.0	74284808.0	74866988.0	74868508.0	583700.0
74284809.0	74286089.0	74868719.0	74869999.0	583910.0
74286094.0	74287157.0	74870000.0	74871063.0	583906.0
74287159.0	74287788.0	74871064.0	74871693.0	583905.0
74287790.0	74288221.0	74871694.0	74872125.0	583904.0
74288222.0	74288246.0	74872130.0	74872154.0	583908.0
74288249.0	74292997.0	74872155.0	74876903.0	583906.0
74293000.0	74293409.0	74876904.0	74877313.0	583904.0
74293411.0	74293583.0	74877314.0	74877486.0	583903.0
74293585.0	74293632.0	74877487.0	74877534.0	583902.0
74293634.0	74294284.0	74877535.0	74878185.0	583901.0
74294288.0	74298354.0	74878186.0	74882252.0	583898.0
74298359.0	74300558.0	74882253.0	74884452.0	583894.0
74300567.0	74302337.0	74884453.0	74886223.0	583886.0
74302338.0	74303584.0	74886226.0	74887472.0	583888.0
74303595.0	74303623.0	74887473.0	74887501.0	583878.0
74303624.0	74306716.0	74887503.0	74890595.0	583879.0
74306717.0	74308861.0	74890598.0	74892742.0	583881.0
74308862.0	74309394.0	74892746.0	74893278.0	583884.0
74309395.0	74311079.0	74893280.0	74894964.0	583885.0
74311085.0	74312050.0	74894965.0	74895930.0	583880.0
74312051.0	74313053.0	74895934.0	74896936.0	583883.0
74313061.0	74313066.0	74896937.0	74896942.0	583876.0
74313067.0	74316059.0	74896951.0	74899943.0	583884.0
74316061.0	74317736.0	74899944.0	74901619.0	583883.0
74317737.0	74319647.0	74901623.0	74903533.0	583886.0
74319648.0	74324766.0	74903543.0	74908661.0	583895.0
74324767.0	74325132.0	74908666.0	74909031.0	583899.0
74325133.0	74328494.0	74909033.0	74912394.0	583900.0
74328496.0	74328871.0	74912395.0	74912770.0	583899.0
74328872.0	74330469.0	74912789.0	74914386.0	583917.0
74330475.0	74331027.0	74914387.0	74914939.0	583912.0
74331029.0	74331763.0	74914940.0	74915674.0	583911.0
74331764.0	74332726.0	74915676.0	74916638.0	583912.0
74332727.0	74333266.0	74916641.0	74917180.0	583914.0
74333267.0	74334021.0	74918234.0	74918988.0	584967.0
74334022.0	74335393.0	74918993.0	74920364.0	584971.0
74335394.0	74338318.0	74920366.0	74923290.0	584972.0
74338319.0	74341970.0	74923312.0	74926963.0	584993.0
74341971.0	74344605.0	74926965.0	74929599.0	584994.0
74344606.0	74345243.0	74929610.0	74930247.0	585004.0
74345245.0	74347580.0	74930248.0	74932583.0	585003.0
74347581.0	74348776.0	74932594.0	74933789.0	585013.0
74348777.0	74350306.0	74933791.0	74935320.0	585014.0
74350318.0	74350606.0	74935321.0	74935609.0	585003.0
74350607.0	74350879.0	74935611.0	74935883.0	585004.0
74350880.0	74351825.0	74935893.0	74936838.0	585013.0
74351827.0	74352571.0	74936839.0	74937583.0	585012.0
74352572.0	74354089.0	74937588.0	74939105.0	585016.0
74354090.0	74354999.0	74939110.0	74940019.0	585020.0
74355000.0	74356346.0	74940021.0	74941367.0	585021.0
74356347.0	74358324.0	74941370.0	74943347.0	585023.0
74358344.0	74359201.0	74943359.0	74944216.0	585015.0
74359320.0	74359674.0	74944331.0	74944685.0	585011.0
74359676.0	74361013.0	74944686.0	74946023.0	585010.0
74361014.0	74362306.0	74946027.0	74947319.0	585013.0
74362311.0	74362352.0	74947320.0	74947361.0	585009.0
74362353.0	74362460.0	74947366.0	74947473.0	585013.0
74362461.0	74362552.0	74947536.0	74947627.0	585075.0
74362553.0	74363046.0	74947672.0	74948165.0	585119.0
74363047.0	74365737.0	74948168.0	74950858.0	585121.0
74365746.0	74366555.0	74950859.0	74951668.0	585113.0
74366574.0	74367161.0	74951685.0	74952272.0	585111.0
74367165.0	74367356.0	74952274.0	74952465.0	585109.0
74367400.0	74367706.0	74952510.0	74952816.0	585110.0
74367707.0	74368262.0	74952821.0	74953376.0	585114.0
74368263.0	74369795.0	74953378.0	74954910.0	585115.0
74369800.0	74370693.0	74954911.0	74955804.0	585111.0
74370694.0	74373471.0	74955971.0	74958748.0	585277.0
74373472.0	74375423.0	74958751.0	74960702.0	585279.0
74375424.0	74376033.0	74960715.0	74961324.0	585291.0
74376035.0	74376864.0	74961325.0	74962154.0	585290.0
74376865.0	74376900.0	74962156.0	74962191.0	585291.0
74376901.0	74377782.0	74962193.0	74963074.0	585292.0
74377804.0	74378114.0	74963075.0	74963385.0	585271.0
74378115.0	74378872.0	74963387.0	74964144.0	585272.0
74378873.0	74379431.0	75237057.0	75237615.0	858184.0
74383871.0	74390711.0	74969721.0	74976561.0	585850.0
74390712.0	74397162.0	74976571.0	74983021.0	585859.0
74397467.0	74399750.0	74983325.0	74985608.0	585858.0
74401563.0	74402370.0	74987419.0	74988226.0	585856.0
74403014.0	74403123.0	74988869.0	74988978.0	585855.0
74403126.0	74403422.0	74988979.0	74989275.0	585853.0
74403423.0	74403739.0	74989278.0	74989594.0	585855.0
74404695.0	74404707.0	74990549.0	74990561.0	585854.0
74404708.0	74405233.0	74990563.0	74991088.0	585855.0
74407637.0	74407984.0	74993469.0	74993816.0	585832.0
74407985.0	74409692.0	74993818.0	74995525.0	585833.0
74409700.0	74410920.0	74995526.0	74996746.0	585826.0
74413802.0	74418632.0	74999637.0	75004467.0	585835.0
74418634.0	74423453.0	75004468.0	75009287.0	585834.0
74425917.0	74436652.0	75011749.0	75022484.0	585832.0
74437588.0	74443484.0	75023484.0	75029380.0	585896.0
74455342.0	74455345.0	75041238.0	75041241.0	585896.0
74455990.0	74458731.0	75041882.0	75044623.0	585892.0
74459643.0	74462084.0	75045535.0	75047976.0	585892.0
74463407.0	74472202.0	75049300.0	75058095.0	585893.0
74473911.0	74474844.0	75058099.0	75059032.0	584188.0
74475016.0	74477982.0	75059203.0	75062169.0	584187.0
74480144.0	74480159.0	75064329.0	75064344.0	584185.0
74480693.0	74481379.0	75064880.0	75065566.0	584187.0
74481380.0	74481843.0	75065568.0	75066031.0	584188.0
74481845.0	74484151.0	75066032.0	75068338.0	584187.0
74484153.0	74488005.0	75068339.0	75072191.0	584186.0
74488028.0	74490628.0	75072192.0	75074792.0	584164.0
74490631.0	74492943.0	75074793.0	75077105.0	584162.0
74492944.0	74493306.0	75077108.0	75077470.0	584164.0
74493307.0	74493873.0	75077493.0	75078059.0	584186.0
74493874.0	74496421.0	75078061.0	75080608.0	584187.0
74496422.0	74496748.0	75080611.0	75080937.0	584189.0
74496749.0	74498429.0	75080940.0	75082620.0	584191.0
74498436.0	74498892.0	75082621.0	75083077.0	584185.0
74498893.0	74500916.0	75083079.0	75085102.0	584186.0
74500917.0	74501776.0	75085107.0	75085966.0	584190.0
74502276.0	74502290.0	75086469.0	75086483.0	584193.0
74505708.0	74506673.0	75089908.0	75090873.0	584200.0
74508887.0	74513124.0	75093096.0	75097333.0	584209.0
74513638.0	74515067.0	75097846.0	75099275.0	584208.0
74515068.0	74516079.0	75099278.0	75100289.0	584210.0
74517685.0	74517704.0	75101894.0	75101913.0	584209.0
74519846.0	74526428.0	75104054.0	75110636.0	584208.0
74526915.0	74527908.0	75111125.0	75112118.0	584210.0
74527913.0	74528991.0	75112119.0	75113197.0	584206.0
74529590.0	74529625.0	75113782.0	75113817.0	584192.0
74529714.0	74530928.0	75113904.0	75115118.0	584190.0
74531243.0	74531417.0	75115435.0	75115609.0	584192.0
74532449.0	74532464.0	75116641.0	75116656.0	584192.0
74533884.0	74535033.0	75118075.0	75119224.0	584191.0
74535740.0	74535996.0	75119938.0	75120194.0	584198.0
74536602.0	74542824.0	75120801.0	75127023.0	584199.0
74542825.0	74543292.0	75127025.0	75127492.0	584200.0
74543294.0	74545950.0	75127493.0	75130149.0	584199.0
74545963.0	74548185.0	75130150.0	75132372.0	584187.0
74548186.0	74548381.0	75132374.0	75132569.0	584188.0
74548382.0	74549368.0	75132574.0	75133560.0	584192.0
74549370.0	74549906.0	75133561.0	75134097.0	584191.0
74549908.0	74551980.0	75134098.0	75136170.0	584190.0
74551981.0	74554483.0	75136174.0	75138676.0	584193.0
74554485.0	74555709.0	75138677.0	75139901.0	584192.0
74555710.0	74561554.0	75139903.0	75145747.0	584193.0
74561555.0	74575879.0	75145749.0	75160073.0	584194.0
74575880.0	74583650.0	75160075.0	75167845.0	584195.0
74583652.0	74585853.0	75167846.0	75170047.0	584194.0
74585854.0	74588581.0	75170050.0	75172777.0	584196.0
74588584.0	74588748.0	75172778.0	75172942.0	584194.0
74588750.0	74591250.0	75172943.0	75175443.0	584193.0
74591251.0	74591822.0	75175523.0	75176094.0	584272.0
74591824.0	74594647.0	75176095.0	75178918.0	584271.0
74594912.0	74595174.0	75179183.0	75179445.0	584271.0
74595176.0	74595295.0	75179446.0	75179565.0	584270.0
74595298.0	74596779.0	75179566.0	75181047.0	584268.0
74596989.0	74599134.0	75181257.0	75183402.0	584268.0
74600414.0	74602456.0	75184693.0	75186735.0	584279.0
74603739.0	74604819.0	75188018.0	75189098.0	584279.0
74604919.0	74608658.0	75189200.0	75192939.0	584281.0
74608660.0	74608662.0	75192940.0	75192942.0	584280.0
74608664.0	74609991.0	75192943.0	75194270.0	584279.0
74609992.0	74610888.0	74750906.0	74751802.0	140914.0
74611171.0	74611193.0	74750594.0	74750616.0	139423.0
74612880.0	74612894.0	75197158.0	75197172.0	584278.0
74613663.0	74613974.0	75197941.0	75198252.0	584278.0
74613975.0	74614391.0	75198261.0	75198677.0	584286.0
74614392.0	74615330.0	74746452.0	74747390.0	132060.0
74615700.0	74616875.0	75199980.0	75201155.0	584280.0
74617880.0	74618788.0	74742990.0	74743898.0	125110.0
74618789.0	74619287.0	74742490.0	74742988.0	123701.0
74619992.0	74622732.0	75204277.0	75207017.0	584285.0
74622736.0	74622879.0	75207018.0	75207161.0	584282.0
74622882.0	74623797.0	75207162.0	75208077.0	584280.0
74623798.0	74624290.0	75208079.0	75208571.0	584281.0
74624293.0	74626096.0	75208572.0	75210375.0	584279.0
74626097.0	74626123.0	75210377.0	75210403.0	584280.0
74626124.0	74630235.0	75210405.0	75214516.0	584281.0
74630236.0	74630654.0	75214523.0	75214941.0	584287.0
74630658.0	74632530.0	75214942.0	75216814.0	584284.0
74632531.0	74633423.0	75216816.0	75217708.0	584285.0
74633424.0	74633438.0	75217713.0	75217727.0	584289.0
74633445.0	74635080.0	75217728.0	75219363.0	584283.0
74635082.0	74639969.0	75219364.0	75224251.0	584282.0
74640917.0	74641533.0	75225197.0	75225813.0	584280.0
74641553.0	74642409.0	75225815.0	75226671.0	584262.0
74642620.0	74648781.0	75226918.0	75233079.0	584298.0
74652170.0	74652209.0	75236464.0	75236503.0	584294.0
74652273.0	74652804.0	75236525.0	75237056.0	584252.0
74653363.0	74653422.0	75237616.0	75237675.0	584253.0
74654753.0	74655052.0	75238998.0	75239297.0	584245.0
74655054.0	74656054.0	75239298.0	75240298.0	584244.0
74656055.0	74656350.0	75240300.0	75240595.0	584245.0
74656352.0	74656388.0	75240596.0	75240632.0	584244.0
74656389.0	74657432.0	75240637.0	75241680.0	584248.0
74657466.0	74658776.0	75241696.0	75243006.0	584230.0
74659083.0	74659880.0	75243312.0	75244109.0	584229.0
74659881.0	74660553.0	75244111.0	75244783.0	584230.0
74661546.0	74662415.0	75245772.0	75246641.0	584226.0
74663214.0	74663252.0	75247443.0	75247481.0	584229.0
74663253.0	74665403.0	75247486.0	75249636.0	584233.0
74665660.0	74665703.0	74952466.0	74952509.0	286806.0
74665898.0	74665898.0	74952273.0	74952273.0	286375.0
74666485.0	74666500.0	74951669.0	74951684.0	285184.0
74667176.0	74667274.0	75251412.0	75251510.0	584236.0
74667511.0	74669988.0	75251744.0	75254221.0	584233.0
74670509.0	74670544.0	75254740.0	75254775.0	584231.0
74670546.0	74670567.0	75254776.0	75254797.0	584230.0
74670569.0	74670621.0	75254798.0	75254850.0	584229.0
74670672.0	74670688.0	75255101.0	75255117.0	584429.0
74670697.0	74670699.0	75255124.0	75255126.0	584427.0
74672765.0	74672878.0	74944217.0	74944330.0	271452.0
74673769.0	74673779.0	74943348.0	74943358.0	269579.0
74675558.0	74675558.0	75259935.0	75259935.0	584377.0
74677081.0	74677098.0	75261454.0	75261471.0	584373.0
74677992.0	74678007.0	75262371.0	75262386.0	584379.0
74680158.0	74680164.0	75264538.0	75264544.0	584380.0
74680646.0	74680661.0	75265022.0	75265037.0	584376.0
74680892.0	74681797.0	75265267.0	75266172.0	584375.0
74683010.0	74683012.0	75267387.0	75267389.0	584377.0
74684222.0	74684223.0	75268596.0	75268597.0	584374.0
74684505.0	74684523.0	75268875.0	75268893.0	584370.0
74685591.0	74685596.0	75269939.0	75269944.0	584348.0
74687510.0	74688521.0	75271874.0	75272885.0	584364.0
74688524.0	74690137.0	75272886.0	75274499.0	584362.0
74690139.0	74690596.0	75274500.0	75274957.0	584361.0
74691232.0	74691415.0	75276411.0	75276594.0	585179.0
74691416.0	74693410.0	75276598.0	75278592.0	585182.0
74693411.0	74693777.0	75278594.0	75278960.0	585183.0
74696931.0	74697548.0	75282121.0	75282738.0	585190.0
74698959.0	74699561.0	75284148.0	75284750.0	585189.0
74699958.0	74699958.0	75341042.0	75341042.0	641084.0
74700067.0	74700697.0	75341152.0	75341782.0	641085.0
74701519.0	74705066.0	75342603.0	75346150.0	641084.0
74705083.0	74705411.0	75346166.0	75346494.0	641083.0
74706674.0	74706687.0	75319790.0	75319803.0	613116.0
74706707.0	74706725.0	75347790.0	75347808.0	641083.0
74706787.0	74710878.0	75319903.0	75323994.0	613116.0
74711638.0	74711671.0	75324756.0	75324789.0	613118.0
74711686.0	74711687.0	75324802.0	75324803.0	613116.0
74711716.0	74711737.0	75324840.0	75324861.0	613124.0
74711800.0	74711831.0	75324924.0	75324955.0	613124.0
74711851.0	74713228.0	75324963.0	75326340.0	613112.0
74713229.0	74713292.0	75326342.0	75326405.0	613113.0
74713293.0	74713488.0	75326408.0	75326603.0	613115.0
74713506.0	74715244.0	75326622.0	75328360.0	613116.0
74715254.0	74715467.0	75328371.0	75328584.0	613117.0
74715494.0	74715724.0	75328608.0	75328838.0	613114.0
74765725.0	74766259.0	75064345.0	75064879.0	298620.0
74766275.0	74768347.0	75062256.0	75064328.0	295981.0
74768349.0	74768434.0	75062170.0	75062255.0	293821.0
74771401.0	74771570.0	75059033.0	75059202.0	287632.0
74783010.0	74784021.0	75048288.0	75049299.0	265278.0
74784022.0	74784330.0	75047977.0	75048285.0	263955.0
74786773.0	74787682.0	75044624.0	75045533.0	257851.0
74790424.0	74791063.0	75041242.0	75041881.0	250818.0
74791064.0	74799206.0	75033095.0	75041237.0	242031.0
74799210.0	74802923.0	75029381.0	75033094.0	230171.0
74808821.0	74809755.0	75022542.0	75023476.0	213721.0
74820497.0	74822957.0	75009288.0	75011748.0	188791.0
74832614.0	74835503.0	74996747.0	74999636.0	164133.0
74838791.0	74841168.0	74991089.0	74993466.0	152298.0
74841708.0	74842660.0	74989595.0	74990547.0	147887.0
74842978.0	74842978.0	74989276.0	74989276.0	146298.0
74843387.0	74844028.0	74988227.0	74988868.0	144840.0
74844837.0	74846646.0	74985609.0	74987418.0	140772.0
74848935.0	74849237.0	74983022.0	74983324.0	134087.0
74854128.0	74855072.0	75224252.0	75225196.0	370124.0
74855691.0	74855691.0	75225814.0	75225814.0	370123.0
74856634.0	74856843.0	75226672.0	75226881.0	370038.0
74863003.0	74866386.0	75233080.0	75236463.0	370077.0
74866437.0	74866457.0	75236504.0	75236524.0	370067.0
74867612.0	74867733.0	75237676.0	75237797.0	370064.0
74867740.0	74868939.0	75237798.0	75238997.0	370058.0
74871621.0	74871635.0	75241681.0	75241695.0	370060.0
74872961.0	74873265.0	75243007.0	75243311.0	370046.0
74874737.0	74875724.0	75244784.0	75245771.0	370047.0
74876594.0	74877393.0	75246643.0	75247442.0	370049.0
74879563.0	74881337.0	75249637.0	75251411.0	370074.0
74881438.0	74881669.0	75251511.0	75251742.0	370073.0
74884149.0	74884666.0	75254222.0	75254739.0	370073.0
74884690.0	74884779.0	75254851.0	75254940.0	370161.0
74884780.0	74884846.0	75254963.0	75255029.0	370183.0
74884847.0	74884916.0	75255031.0	75255100.0	370184.0
74884932.0	74884937.0	75255118.0	75255123.0	370186.0
74884949.0	74886636.0	75255127.0	75256814.0	370178.0
74886639.0	74886991.0	75256815.0	75257167.0	370176.0
74886992.0	74887626.0	75257169.0	75257803.0	370177.0
74887628.0	74887965.0	75257804.0	75258141.0	370176.0
74888014.0	74889806.0	75258142.0	75259934.0	370128.0
74889810.0	74890980.0	75259936.0	75261106.0	370126.0
74890983.0	74891329.0	75261107.0	75261453.0	370124.0
74891350.0	74892248.0	75261472.0	75262370.0	370122.0
74892264.0	74894414.0	75262387.0	75264537.0	370123.0
74894426.0	74894902.0	75264545.0	75265021.0	370119.0
74894920.0	74895148.0	75265038.0	75265266.0	370118.0
74896049.0	74897262.0	75266173.0	75267386.0	370124.0
74897269.0	74898474.0	75267390.0	75268595.0	370121.0
74898481.0	74898757.0	75268598.0	75268874.0	370117.0
74898803.0	74899847.0	75268894.0	75269938.0	370091.0
74900501.0	74901122.0	75270592.0	75271213.0	370091.0
74901123.0	74901767.0	75271216.0	75271860.0	370093.0
74904832.0	74905482.0	75275760.0	75276410.0	370928.0
74908028.0	74908371.0	75278961.0	75279304.0	370933.0
74908373.0	74910808.0	75279305.0	75281740.0	370932.0
74910816.0	74911194.0	75281741.0	75282119.0	370925.0
74911814.0	74913222.0	75282739.0	75284147.0	370925.0
74914222.0	74914222.0	75341041.0	75341041.0	426819.0
74914223.0	74914330.0	75341044.0	75341151.0	426821.0
74920929.0	74920938.0	75319780.0	75319789.0	398851.0
74920939.0	74920971.0	75347757.0	75347789.0	426818.0
74921000.0	74921012.0	75347818.0	75347830.0	426818.0
74925144.0	74925146.0	75323995.0	75323997.0	398851.0
74925954.0	74925980.0	75324804.0	75324830.0	398850.0
74926016.0	74926016.0	75324862.0	75324862.0	398846.0
74926122.0	74926128.0	75324956.0	75324962.0	398834.0
74927567.0	74927567.0	75326406.0	75326406.0	398839.0
74927763.0	74927780.0	75326604.0	75326621.0	398841.0
74929519.0	74929528.0	75328361.0	75328370.0	398842.0
74929742.0	74929764.0	75328585.0	75328607.0	398843.0
74930340.0	74930971.0	75329188.0	75329819.0	398848.0
74930972.0	74931019.0	75301848.0	75301895.0	370876.0
74931047.0	74931094.0	75301923.0	75301970.0	370876.0
74931097.0	74931424.0	75301971.0	75302298.0	370874.0
74932626.0	74932626.0	75303501.0	75303501.0	370875.0
74934625.0	74935936.0	75305470.0	75306781.0	370845.0
74936661.0	74936672.0	75307508.0	75307519.0	370847.0
74938798.0	74938826.0	75309640.0	75309668.0	370842.0
74939197.0	74939214.0	75310030.0	75310047.0	370833.0
74939573.0	74939832.0	75310407.0	75310666.0	370834.0
74941234.0	74942243.0	75312067.0	75313076.0	370833.0
74942246.0	74942984.0	75313077.0	75313815.0	370831.0
74942986.0	74947368.0	75313816.0	75318198.0	370830.0
74947370.0	74948950.0	75318199.0	75319779.0	370829.0
74949010.0	74949073.0	75319839.0	75319902.0	370829.0
74949074.0	74949092.0	75347870.0	75347888.0	398796.0
74954004.0	74954005.0	75324831.0	75324832.0	370827.0
74958022.0	74958364.0	75328839.0	75329181.0	370817.0
74958997.0	74959120.0	75329820.0	75329943.0	370823.0
74959122.0	74959149.0	75329944.0	75329971.0	370822.0
74959449.0	74960650.0	75302299.0	75303500.0	342850.0
74960651.0	74962610.0	75303510.0	75305469.0	342859.0
74963962.0	74964687.0	75306782.0	75307507.0	342820.0
74964705.0	74966824.0	75307520.0	75309639.0	342815.0
74966859.0	74967219.0	75309669.0	75310029.0	342810.0
74967237.0	74967595.0	75310048.0	75310406.0	342811.0
74967596.0	74967645.0	75338374.0	75338423.0	370778.0
74967857.0	74969256.0	75310667.0	75312066.0	342810.0
74969701.0	74970264.0	75340477.0	75341040.0	370776.0
74971005.0	74971824.0	75341783.0	75342602.0	370778.0
74975373.0	74975387.0	75346151.0	75346165.0	370778.0
74976942.0	74976956.0	75347717.0	75347731.0	370775.0
74976996.0	74977030.0	75319804.0	75319838.0	342808.0
74977034.0	74977042.0	75347809.0	75347817.0	370775.0
74981184.0	74981941.0	75323998.0	75324755.0	342814.0
74981979.0	74981990.0	75324790.0	75324801.0	342811.0
74982024.0	74982030.0	75324833.0	75324839.0	342809.0
74982062.0	74982122.0	75324863.0	75324923.0	342801.0
74982123.0	74982133.0	75352878.0	75352888.0	370755.0
74982136.0	74983124.0	75352889.0	75353877.0	370753.0
74983125.0	74983572.0	75353884.0	75354331.0	370759.0
74983575.0	74983788.0	75354332.0	75354545.0	370757.0
74983789.0	74985774.0	75354548.0	75356533.0	370759.0
74985775.0	74986330.0	75356535.0	75357090.0	370760.0
74986349.0	74986749.0	75357091.0	75357491.0	370742.0
74986750.0	74988454.0	75357496.0	75359200.0	370746.0
74988455.0	74988566.0	75359210.0	75359321.0	370755.0
74988591.0	74989535.0	75359322.0	75360266.0	370731.0
74989537.0	74991560.0	75360267.0	75362290.0	370730.0
74991561.0	74995898.0	75362292.0	75366629.0	370731.0
74995899.0	74996857.0	75366631.0	75367589.0	370732.0
74996866.0	75001735.0	75367590.0	75372459.0	370724.0
75001736.0	75006982.0	75372461.0	75377707.0	370725.0
75006985.0	75012138.0	75377708.0	75382861.0	370723.0
75012139.0	75012378.0	75382864.0	75383103.0	370725.0
75012380.0	75016397.0	75383104.0	75387121.0	370724.0
75016398.0	75017406.0	75387123.0	75388131.0	370725.0
75017407.0	75018523.0	75388133.0	75389249.0	370726.0
75018525.0	75019820.0	75389250.0	75390545.0	370725.0
75019821.0	75026573.0	75390547.0	75397299.0	370726.0
75026575.0	75027124.0	75397300.0	75397849.0	370725.0
75027126.0	75027982.0	75397850.0	75398706.0	370724.0
75027991.0	75030666.0	75398707.0	75401382.0	370716.0
75030667.0	75035903.0	75401384.0	75406620.0	370717.0
75035905.0	75038685.0	75406621.0	75409401.0	370716.0
75038686.0	75039254.0	75409408.0	75409976.0	370722.0
75039260.0	75041541.0	75409977.0	75412258.0	370717.0
75041542.0	75042040.0	75412262.0	75412760.0	370720.0
75042041.0	75045503.0	75412763.0	75416225.0	370722.0
75045505.0	75046346.0	75416226.0	75417067.0	370721.0
75046351.0	75055215.0	75417068.0	75425932.0	370717.0
75055216.0	75058248.0	75425934.0	75428966.0	370718.0
75058249.0	75060381.0	75428968.0	75431100.0	370719.0
75060382.0	75060907.0	75431102.0	75431627.0	370720.0
75060908.0	75061480.0	75431629.0	75432201.0	370721.0
75061481.0	75062536.0	75432205.0	75433260.0	370724.0
75062539.0	75063877.0	75433261.0	75434599.0	370722.0
75063878.0	75065340.0	75434601.0	75436063.0	370723.0
75065342.0	75069178.0	75436064.0	75439900.0	370722.0
75069180.0	75069862.0	75439901.0	75440583.0	370721.0
75069863.0	75071251.0	75440585.0	75441973.0	370722.0
75071252.0	75073235.0	75441978.0	75443961.0	370726.0
75073237.0	75073542.0	75443962.0	75444267.0	370725.0
75073543.0	75076309.0	75444270.0	75447036.0	370727.0
75076310.0	75077790.0	75447039.0	75448519.0	370729.0
75077792.0	75078654.0	75448520.0	75449382.0	370728.0
75078656.0	75086472.0	75449383.0	75457199.0	370727.0
75086473.0	75095189.0	75457208.0	75465924.0	370735.0
75095191.0	75095490.0	75465925.0	75466224.0	370734.0
75095492.0	75097418.0	75466225.0	75468151.0	370733.0
75097419.0	75105571.0	75468153.0	75476305.0	370734.0
75105572.0	75106399.0	75476307.0	75477134.0	370735.0
75106412.0	75118257.0	75477135.0	75488980.0	370723.0
75118258.0	75119512.0	75488982.0	75490236.0	370724.0
75119514.0	75121007.0	75490237.0	75491730.0	370723.0
75121009.0	75122790.0	75491731.0	75493512.0	370722.0
75122833.0	75123851.0	75493513.0	75494531.0	370680.0
75123852.0	75125743.0	75494533.0	75496424.0	370681.0
75125748.0	75127463.0	75496425.0	75498140.0	370677.0
75127465.0	75134542.0	75498141.0	75505218.0	370676.0
75134543.0	75135348.0	75505220.0	75506025.0	370677.0
75135349.0	75141212.0	75506027.0	75511890.0	370678.0
75141215.0	75142977.0	75511891.0	75513653.0	370676.0
75142979.0	75145267.0	75513654.0	75515942.0	370675.0
75145269.0	75148004.0	75515943.0	75518678.0	370674.0
75148008.0	75155725.0	75518679.0	75526396.0	370671.0
75155727.0	75158803.0	75526397.0	75529473.0	370670.0
75158804.0	75161344.0	75529478.0	75532018.0	370674.0
75161345.0	75161521.0	75532020.0	75532196.0	370675.0
75161522.0	75161673.0	75532198.0	75532349.0	370676.0
75161674.0	75162056.0	75532351.0	75532733.0	370677.0
75162057.0	75162351.0	75532735.0	75533029.0	370678.0
75162352.0	75167912.0	75533031.0	75538591.0	370679.0
75167913.0	75169768.0	75538593.0	75540448.0	370680.0
75169769.0	75171055.0	75540451.0	75541737.0	370682.0
75171057.0	75173508.0	75541738.0	75544189.0	370681.0
75173509.0	75173729.0	75544191.0	75544411.0	370682.0
75173730.0	75178437.0	75544432.0	75549139.0	370702.0
75178438.0	75178684.0	75549141.0	75549387.0	370703.0
75178685.0	75179150.0	75549389.0	75549854.0	370704.0
75179151.0	75180510.0	75549856.0	75551215.0	370705.0
75180515.0	75184504.0	75551216.0	75555205.0	370701.0
75184510.0	75200456.0	75555206.0	75571152.0	370696.0
75200459.0	75201548.0	75571153.0	75572242.0	370694.0
75201549.0	75206650.0	75572244.0	75577345.0	370695.0
75206662.0	75213121.0	75577346.0	75583805.0	370684.0
75213124.0	75914934.0	75583806.0	76285616.0	370682.0
75914935.0	78243471.0	76285618.0	78614154.0	370683.0
78243472.0	87414137.0	78614156.0	87784821.0	370684.0
87414138.0	88220877.0	87784823.0	88591562.0	370685.0
88220878.0	90357487.0	88591564.0	90728173.0	370686.0
90357489.0	91419401.0	90728174.0	91790086.0	370685.0
91419402.0	92682707.0	91790088.0	93053393.0	370686.0
92682708.0	92885515.0	93053395.0	93256202.0	370687.0
92885516.0	98382949.0	93256204.0	98753637.0	370688.0
98382953.0	98383143.0	98753638.0	98753828.0	370685.0
98383159.0	98384288.0	98753829.0	98754958.0	370670.0
98384292.0	98386852.0	98754959.0	98757519.0	370667.0
98386853.0	98387329.0	98757521.0	98757997.0	370668.0
98387330.0	100371476.0	98789707.0	100773853.0	402377.0
100371477.0	100472933.0	100773855.0	100875311.0	402378.0
100472934.0	100494222.0	100875313.0	100896601.0	402379.0
100494223.0	100529585.0	100896603.0	100931965.0	402380.0
100529592.0	100534959.0	100931966.0	100937333.0	402374.0
100534961.0	100535141.0	100937334.0	100937514.0	402373.0
100535143.0	100535287.0	100937515.0	100937659.0	402372.0
100535289.0	100537469.0	100937660.0	100939840.0	402371.0
100537470.0	100537710.0	100939843.0	100940083.0	402373.0
100537712.0	100542028.0	100940084.0	100944400.0	402372.0
100542030.0	100542574.0	100944401.0	100944945.0	402371.0
100542576.0	100544268.0	100944946.0	100946638.0	402370.0
100544270.0	100545409.0	100946639.0	100947778.0	402369.0
100545411.0	100545582.0	100947779.0	100947950.0	402368.0
100545584.0	100546357.0	100947951.0	100948724.0	402367.0
100546358.0	100547525.0	100948726.0	100949893.0	402368.0
100547528.0	100548634.0	100949894.0	100951000.0	402366.0
100548641.0	100550653.0	100951001.0	100953013.0	402360.0
100550654.0	100550655.0	100958516.0	100958517.0	407862.0
100550656.0	100550743.0	100958527.0	100958614.0	407871.0
100550747.0	100550749.0	100958615.0	100958617.0	407868.0
100550750.0	100553820.0	100958621.0	100961691.0	407871.0
100553822.0	100554095.0	100961692.0	100961965.0	407870.0
100554109.0	100554157.0	100961966.0	100962014.0	407857.0
100554158.0	100554637.0	100962335.0	100962814.0	408177.0
100554644.0	100555130.0	100962815.0	100963301.0	408171.0
100555684.0	100556043.0	100963857.0	100964216.0	408173.0
100606347.0	100606348.0	100963302.0	100963303.0	356955.0
100606354.0	100606906.0	100963304.0	100963856.0	356950.0
100607264.0	100607352.0	100964217.0	100964305.0	356953.0
100607356.0	100607647.0	100964306.0	100964597.0	356950.0
100607649.0	100608124.0	100964598.0	100965073.0	356949.0
100608125.0	100608190.0	100965075.0	100965140.0	356950.0
100608191.0	100608196.0	100965142.0	100965147.0	356951.0
100608197.0	100608270.0	100965158.0	100965231.0	356961.0
100608271.0	100609073.0	100965246.0	100966048.0	356975.0
100609100.0	100609139.0	100966049.0	100966088.0	356949.0
100609140.0	100609170.0	100966090.0	100966120.0	356950.0
100609223.0	100609345.0	100966121.0	100966243.0	356898.0
100609360.0	100609362.0	100966244.0	100966246.0	356884.0
100609374.0	100609402.0	100966247.0	100966275.0	356873.0
100609429.0	100610998.0	100966276.0	100967845.0	356847.0
100611000.0	100611044.0	100967846.0	100967890.0	356846.0
100611176.0	100611206.0	100967891.0	100967921.0	356715.0
100611208.0	100611231.0	100967922.0	100967945.0	356714.0
100611235.0	100611243.0	100967946.0	100967954.0	356711.0
100611244.0	100611278.0	100967956.0	100967990.0	356712.0
100611280.0	100611310.0	100967991.0	100968021.0	356711.0
100611311.0	100611428.0	100968025.0	100968142.0	356714.0
100611429.0	100611517.0	100968155.0	100968243.0	356726.0
100611518.0	100611634.0	100968245.0	100968361.0	356727.0
100611635.0	100611739.0	100968366.0	100968470.0	356731.0
100611740.0	100611798.0	100968477.0	100968535.0	356737.0
100611801.0	100612203.0	100968536.0	100968938.0	356735.0
100612204.0	100612207.0	100968940.0	100968943.0	356736.0
100612209.0	100612490.0	100968944.0	100969225.0	356735.0
100612494.0	100612768.0	100969226.0	100969500.0	356732.0
100612782.0	101200671.0	100969501.0	101557390.0	356719.0
101200672.0	101912431.0	101557392.0	102269151.0	356720.0
101912432.0	101912868.0	102269156.0	102269592.0	356724.0
101912869.0	101913098.0	102269596.0	102269825.0	356727.0
101913099.0	101921929.0	102269828.0	102278658.0	356729.0
101921952.0	101923317.0	102278659.0	102280024.0	356707.0
101923318.0	101927786.0	102280026.0	102284494.0	356708.0
101927787.0	101930121.0	102284496.0	102286830.0	356709.0
101930123.0	101930153.0	102286831.0	102286861.0	356708.0
101930154.0	101930168.0	102286863.0	102286877.0	356709.0
101930169.0	101933531.0	102286879.0	102290241.0	356710.0
101933532.0	101933604.0	102290243.0	102290315.0	356711.0
101933605.0	101935922.0	102290332.0	102292649.0	356727.0
101935923.0	101935928.0	102292655.0	102292660.0	356732.0
101935929.0	101936464.0	102292663.0	102293198.0	356734.0
101936465.0	101940659.0	102293200.0	102297394.0	356735.0
101940660.0	101942460.0	102297397.0	102299197.0	356737.0
101942482.0	101949616.0	102299198.0	102306332.0	356716.0
101949617.0	101950546.0	102306334.0	102307263.0	356717.0
101950547.0	101954836.0	102307265.0	102311554.0	356718.0
101954837.0	101955661.0	102311557.0	102312381.0	356720.0
101955662.0	101956228.0	102315196.0	102315762.0	359534.0
101956230.0	101962710.0	102315763.0	102322243.0	359533.0
101962711.0	101963143.0	102322281.0	102322713.0	359570.0
101963144.0	101964491.0	102322730.0	102324077.0	359586.0
101964493.0	101964631.0	102324078.0	102324216.0	359585.0
101964635.0	101967973.0	102324217.0	102327555.0	359582.0
101967974.0	101969776.0	102327557.0	102329359.0	359583.0
101969777.0	101971595.0	102329362.0	102331180.0	359585.0
101971597.0	101974349.0	102331181.0	102333933.0	359584.0
101974350.0	101974359.0	102333936.0	102333945.0	359586.0
101974361.0	101975199.0	102333946.0	102334784.0	359585.0
101975200.0	101976705.0	102334787.0	102336292.0	359587.0
101976706.0	101976711.0	102336294.0	102336299.0	359588.0
101976713.0	101976751.0	102336300.0	102336338.0	359587.0
101976753.0	101976963.0	102336339.0	102336549.0	359586.0
101976964.0	101977584.0	102336552.0	102337172.0	359588.0
101977585.0	101978500.0	102337174.0	102338089.0	359589.0
101978503.0	101978543.0	102338090.0	102338130.0	359587.0
101978572.0	101978643.0	102338131.0	102338202.0	359559.0
101978646.0	101978678.0	102338203.0	102338235.0	359557.0
101978680.0	101979720.0	102338236.0	102339276.0	359556.0
101979722.0	101985029.0	102339277.0	102344584.0	359555.0
101985030.0	101985274.0	102344586.0	102344830.0	359556.0
101985275.0	101985332.0	102344834.0	102344891.0	359559.0
101985333.0	101989473.0	102344893.0	102349033.0	359560.0
101989475.0	101990690.0	102349034.0	102350249.0	359559.0
101990691.0	101992365.0	102350251.0	102351925.0	359560.0
101992369.0	101994080.0	102351926.0	102353637.0	359557.0
101994081.0	101994471.0	102353640.0	102354030.0	359559.0
101994476.0	101998790.0	102354031.0	102358345.0	359555.0
101998794.0	102000107.0	102358346.0	102359659.0	359552.0
102000108.0	102002771.0	102359663.0	102362326.0	359555.0
102002774.0	103777629.0	102362327.0	104137182.0	359553.0
103777631.0	104156073.0	104137183.0	104515625.0	359552.0
104156074.0	105342726.0	104515627.0	105702279.0	359553.0
105342727.0	106467314.0	105702281.0	106826868.0	359554.0
106467315.0	107819672.0	106826870.0	108179227.0	359555.0
107819673.0	108508170.0	108179229.0	108867726.0	359556.0
108508171.0	110230348.0	108868114.0	110590291.0	359943.0
110230349.0	111550456.0	110590293.0	111910400.0	359944.0
111550457.0	112491366.0	111910402.0	112851311.0	359945.0
112492127.0	114626815.0	112852072.0	114986760.0	359945.0
114626816.0	127461647.0	114986762.0	127821593.0	359946.0
127461648.0	127687654.0	127821595.0	128047601.0	359947.0
127687655.0	127802380.0	128047603.0	128162328.0	359948.0
127802382.0	127971249.0	128162329.0	128331196.0	359947.0
127971251.0	128533516.0	128331197.0	128893462.0	359946.0
128533517.0	128550684.0	128893464.0	128910631.0	359947.0
128550686.0	128784719.0	128910632.0	129144665.0	359946.0
128784720.0	128786986.0	129144880.0	129147146.0	360160.0
128786988.0	129283022.0	129147147.0	129643181.0	360159.0
129283023.0	129986089.0	129643183.0	130346249.0	360160.0
129986091.0	130154523.0	130346250.0	130514682.0	360159.0
130254524.0	130256123.0	130570253.0	130571852.0	315729.0
130256126.0	130257497.0	130571853.0	130573224.0	315727.0
130257498.0	130262059.0	130573226.0	130577787.0	315728.0
130262060.0	130268104.0	130577789.0	130583833.0	315729.0
130268105.0	130275655.0	130583836.0	130591386.0	315731.0
130275660.0	130275694.0	130591390.0	130591424.0	315730.0
130276262.0	130276264.0	130591387.0	130591389.0	315125.0
130276301.0	130276302.0	130591425.0	130591426.0	315124.0
130276304.0	130276309.0	130591427.0	130591432.0	315123.0
130276311.0	130276368.0	130591433.0	130591490.0	315122.0
130276370.0	130280690.0	130591491.0	130595811.0	315121.0
130280691.0	130286770.0	130595813.0	130601892.0	315122.0
130286771.0	130291136.0	130601894.0	130606259.0	315123.0
130291139.0	130292156.0	130606260.0	130607277.0	315121.0
130292157.0	130306836.0	130607286.0	130621965.0	315129.0
130306837.0	130311290.0	130621967.0	130626420.0	315130.0
130311291.0	130327124.0	130626422.0	130642255.0	315131.0
130327126.0	130331880.0	130642256.0	130647010.0	315130.0
130331881.0	130336367.0	130647039.0	130651525.0	315158.0
130336368.0	130363230.0	130651528.0	130678390.0	315160.0
130363231.0	130371576.0	130678393.0	130686738.0	315162.0
130371577.0	130373343.0	130686741.0	130688507.0	315164.0
130373345.0	130375310.0	130688508.0	130690473.0	315163.0
130375311.0	130375709.0	130690482.0	130690880.0	315171.0
130375711.0	130379539.0	130690881.0	130694709.0	315170.0
130379540.0	130398349.0	130694711.0	130713520.0	315171.0
130398350.0	130409312.0	130713522.0	130724484.0	315172.0
130409313.0	130414811.0	130724486.0	130729984.0	315173.0
130414813.0	130417499.0	130729985.0	130732671.0	315172.0
130417500.0	130418888.0	130732673.0	130734061.0	315173.0
130418889.0	130419073.0	130734129.0	130734313.0	315240.0
130419075.0	130427327.0	130734314.0	130742566.0	315239.0
130427328.0	132433899.0	130742569.0	132749140.0	315241.0
132433901.0	132462078.0	132749141.0	132777318.0	315240.0
132462080.0	132509033.0	132777319.0	132824272.0	315239.0
132509034.0	132798092.0	132824274.0	133113332.0	315240.0
132798093.0	132840321.0	133113334.0	133155562.0	315241.0
132840322.0	132909482.0	133155564.0	133224724.0	315242.0
132909483.0	132927777.0	133224726.0	133243020.0	315243.0
132927778.0	132942398.0	133243022.0	133257642.0	315244.0
132942399.0	132961670.0	133257644.0	133276915.0	315245.0
132961671.0	133307134.0	133276917.0	133622380.0	315246.0
133307135.0	133846898.0	133622382.0	134162145.0	315247.0
133846899.0	134413171.0	134162147.0	134728419.0	315248.0
134413172.0	134757706.0	134728421.0	135072955.0	315249.0
134757708.0	135091037.0	135072956.0	135406285.0	315248.0
135091038.0	135096675.0	135406288.0	135411925.0	315250.0
135096676.0	135116680.0	135411927.0	135431931.0	315251.0
135116681.0	136344653.0	135431933.0	136659905.0	315252.0
136344654.0	137015821.0	136659907.0	137331074.0	315253.0
137015822.0	137941185.0	137331076.0	138256439.0	315254.0
137941186.0	138535821.0	138256441.0	138851076.0	315255.0
138535823.0	139379377.0	138851077.0	139694631.0	315254.0
139404378.0	139703042.0	139704579.0	140003243.0	300201.0
139703044.0	141934224.0	140003244.0	142234424.0	300200.0
141934227.0	141937973.0	142234425.0	142238171.0	300198.0
141937990.0	141940302.0	142238172.0	142240484.0	300182.0
141940304.0	141948311.0	142240485.0	142248492.0	300181.0
141948313.0	141959616.0	142248493.0	142259796.0	300180.0
141959617.0	141961540.0	142259798.0	142261721.0	300181.0
141961541.0	141962025.0	142261723.0	142262207.0	300182.0
141962026.0	141966145.0	142262209.0	142266328.0	300183.0
141966147.0	141967592.0	142266329.0	142267774.0	300182.0
141967593.0	141969146.0	142267776.0	142269329.0	300183.0
141969149.0	141976018.0	142269330.0	142276199.0	300181.0
141976020.0	141980600.0	142276200.0	142280780.0	300180.0
141980601.0	141981543.0	142280783.0	142281725.0	300182.0
141981556.0	141982455.0	142281726.0	142282625.0	300170.0
141982457.0	141984100.0	142282626.0	142284269.0	300169.0
141984101.0	141989554.0	142284272.0	142289725.0	300171.0
141989555.0	141989997.0	142289727.0	142290169.0	300172.0
141989998.0	141991253.0	142290171.0	142291426.0	300173.0
141991254.0	141991416.0	142291429.0	142291591.0	300175.0
141991418.0	141992949.0	142291592.0	142293123.0	300174.0
141992964.0	141999774.0	142293124.0	142299934.0	300160.0
141999776.0	141999829.0	142299935.0	142299988.0	300159.0
141999830.0	142003075.0	142300007.0	142303252.0	300177.0
142003076.0	142003207.0	142303254.0	142303385.0	300178.0
142003208.0	142004135.0	142303387.0	142304314.0	300179.0
142004136.0	142005302.0	142304316.0	142305482.0	300180.0
142005303.0	142006098.0	142305485.0	142306280.0	300182.0
142006103.0	142006262.0	142306281.0	142306440.0	300178.0
142006263.0	142007221.0	142306442.0	142307400.0	300179.0
142007224.0	142013699.0	142307401.0	142313876.0	300177.0
142013702.0	142017417.0	142313877.0	142317592.0	300175.0
142017421.0	142019259.0	142317593.0	142319431.0	300172.0
142019260.0	142021522.0	142319441.0	142321703.0	300181.0
142021525.0	142025487.0	142321704.0	142325666.0	300179.0
142025488.0	142026947.0	142325668.0	142327127.0	300180.0
142026948.0	142027132.0	142327129.0	142327313.0	300181.0
142027139.0	142027281.0	142327314.0	142327456.0	300175.0
142027282.0	142032115.0	142327458.0	142332291.0	300176.0
142032118.0	142037898.0	142332292.0	142338072.0	300174.0
142037900.0	142039629.0	142338073.0	142339802.0	300173.0
142039640.0	142039959.0	142339803.0	142340122.0	300163.0
142039960.0	142040519.0	142340124.0	142340683.0	300164.0
142040520.0	142042107.0	142340688.0	142342275.0	300168.0
142042108.0	142043651.0	142342278.0	142343821.0	300170.0
142043653.0	142048195.0	142343822.0	142348364.0	300169.0
142098196.0	142098240.0	142475805.0	142475849.0	377609.0
142100264.0	142100522.0	142473518.0	142473776.0	373254.0
142100544.0	142100548.0	142473488.0	142473492.0	372944.0
142100876.0	142100950.0	142473085.0	142473159.0	372209.0
142103285.0	142103299.0	142470810.0	142470824.0	367525.0
142104905.0	142105198.0	142468935.0	142469228.0	364030.0
142105447.0	142105644.0	142526304.0	142526501.0	420857.0
142105647.0	142105651.0	142526299.0	142526303.0	420652.0
142105660.0	142105758.0	142526200.0	142526298.0	420540.0
142105759.0	142105770.0	142526187.0	142526198.0	420428.0
142105771.0	142105876.0	142526080.0	142526185.0	420309.0
142105879.0	142105880.0	142526078.0	142526079.0	420199.0
142105881.0	142105930.0	142526019.0	142526068.0	420138.0
142105936.0	142106307.0	142525647.0	142526018.0	419711.0
142106309.0	142106394.0	142525561.0	142525646.0	419252.0
142106398.0	142106499.0	142525459.0	142525560.0	419061.0
142106500.0	142106543.0	142525414.0	142525457.0	418914.0
142106544.0	142106545.0	142525411.0	142525412.0	418867.0
142106546.0	142106611.0	142525344.0	142525409.0	418798.0
142106614.0	142106617.0	142525340.0	142525343.0	418726.0
142106618.0	142106688.0	142525268.0	142525338.0	418650.0
142107483.0	142107727.0	142524222.0	142524466.0	416739.0
142107729.0	142108662.0	142523288.0	142524221.0	415559.0
142108664.0	142108778.0	142523173.0	142523287.0	414509.0
142108779.0	142109108.0	142522841.0	142523170.0	414062.0
142109109.0	142109236.0	142522712.0	142522839.0	413603.0
142109238.0	142109245.0	142522704.0	142522711.0	413466.0
142109246.0	142109383.0	142522564.0	142522701.0	413318.0
142109385.0	142109602.0	142522346.0	142522563.0	412961.0
142109604.0	142118695.0	142513254.0	142522345.0	403650.0
142118696.0	142128679.0	142503268.0	142513251.0	384572.0
142128680.0	142138456.0	142493490.0	142503266.0	364810.0
142138462.0	142139663.0	142492288.0	142493489.0	353826.0
142139664.0	142156097.0	142475850.0	142492283.0	336186.0
142156141.0	142158168.0	142473777.0	142475804.0	317636.0
142158429.0	142158453.0	142473493.0	142473517.0	315064.0
142158460.0	142158787.0	142473160.0	142473487.0	314700.0
142158859.0	142161118.0	142470825.0	142473084.0	311966.0
142161135.0	142162715.0	142469229.0	142470809.0	308094.0
142163012.0	142165539.0	142466407.0	142468934.0	303395.0
142165549.0	142166870.0	142465085.0	142466406.0	299536.0
142166871.0	142167503.0	142464449.0	142465081.0	297578.0
142167513.0	142175512.0	142456449.0	142464448.0	288936.0
142175515.0	142175671.0	142456292.0	142456448.0	280777.0
142175673.0	142177741.0	142454223.0	142456291.0	278550.0
142177742.0	142182714.0	142449249.0	142454221.0	271507.0
142182715.0	142184577.0	142447385.0	142449247.0	264670.0
142184579.0	142193023.0	142438940.0	142447384.0	254361.0
142193025.0	142198459.0	142433505.0	142438939.0	240480.0
142198473.0	142205986.0	142425991.0	142433504.0	227518.0
142205987.0	142213013.0	142418963.0	142425989.0	212976.0
142213014.0	142214256.0	142417719.0	142418961.0	204705.0
142214257.0	142214642.0	142417331.0	142417716.0	203074.0
142214643.0	142225354.0	142406602.0	142417313.0	191959.0
142225355.0	142228137.0	142403818.0	142406600.0	178463.0
142228138.0	142229709.0	142402245.0	142403816.0	174107.0
142229710.0	142235049.0	142396901.0	142402240.0	167191.0
142235051.0	142236748.0	142395203.0	142396900.0	160152.0
142236749.0	142236908.0	142395042.0	142395201.0	158293.0
142236909.0	142244829.0	142387120.0	142395040.0	150211.0
142244831.0	142247455.0	142384495.0	142387119.0	139664.0
142247456.0	142248552.0	142383392.0	142384488.0	135936.0
142248565.0	142248576.0	142383380.0	142383391.0	134815.0
142248578.0	142248601.0	142383356.0	142383379.0	134778.0
142248609.0	142253199.0	142378765.0	142383355.0	130156.0
142253201.0	142253600.0	142378365.0	142378764.0	125164.0
142253607.0	142253756.0	142378215.0	142378364.0	124608.0
142253759.0	142256285.0	142375688.0	142378214.0	121929.0
142256289.0	142256876.0	142375100.0	142375687.0	118811.0
142256877.0	142256921.0	142375051.0	142375095.0	118174.0
142256922.0	142259696.0	142372275.0	142375049.0	115353.0
142259698.0	142260302.0	142371670.0	142372274.0	111972.0
142260303.0	142265604.0	142366367.0	142371668.0	106064.0
142265605.0	142267346.0	142364624.0	142366365.0	99019.0
142267349.0	142268321.0	142363651.0	142364623.0	96302.0
142268324.0	142271816.0	142360158.0	142363650.0	91834.0
142271817.0	142276197.0	142355776.0	142360156.0	83959.0
142326198.0	142338013.0	142618684.0	142630499.0	292486.0
142338016.0	142343399.0	142630500.0	142635883.0	292484.0
142343400.0	142343622.0	142635896.0	142636118.0	292496.0
142343623.0	142349909.0	142636120.0	142642406.0	292497.0
142349915.0	142351483.0	142642407.0	142643975.0	292492.0
142351484.0	142353614.0	142643977.0	142646107.0	292493.0
142353615.0	142367242.0	142646118.0	142659745.0	292503.0
142367248.0	142367405.0	142659746.0	142659903.0	292498.0
142367737.0	142369610.0	142659904.0	142661777.0	292167.0
142369612.0	142370226.0	142661778.0	142662392.0	292166.0
142370227.0	142383756.0	142662395.0	142675924.0	292168.0
142383757.0	142385044.0	142675931.0	142677218.0	292174.0
142385046.0	142387209.0	142677219.0	142679382.0	292173.0
142387210.0	142390594.0	142679388.0	142682772.0	292178.0
142390595.0	142392787.0	142682776.0	142684968.0	292181.0
142392788.0	142394633.0	142684974.0	142686819.0	292186.0
142394634.0	142395164.0	142686821.0	142687351.0	292187.0
142395165.0	142400463.0	142687353.0	142692651.0	292188.0
142400465.0	142402761.0	142692652.0	142694948.0	292187.0
142402762.0	142409032.0	142694950.0	142701220.0	292188.0
142409034.0	142409908.0	142701221.0	142702095.0	292187.0
142409909.0	142412872.0	142702100.0	142705063.0	292191.0
142412873.0	142413877.0	142705066.0	142706070.0	292193.0
142413898.0	142415184.0	142706071.0	142707357.0	292173.0
142415191.0	142418770.0	142707358.0	142710937.0	292167.0
142418771.0	142421449.0	142710943.0	142713621.0	292172.0
142421451.0	142422842.0	142713622.0	142715013.0	292171.0
142422843.0	142425910.0	142715016.0	142718083.0	292173.0
142425911.0	142426265.0	142718085.0	142718439.0	292174.0
142426266.0	142431789.0	142718442.0	142723965.0	292176.0
142431818.0	142431995.0	142723966.0	142724143.0	292148.0
142431997.0	142435720.0	142724144.0	142727867.0	292147.0
142435721.0	142438743.0	142727872.0	142730894.0	292151.0
142438744.0	142442211.0	142730896.0	142734363.0	292152.0
142442212.0	142447488.0	142734366.0	142739642.0	292154.0
142447490.0	142451204.0	142739643.0	142743357.0	292153.0
142451205.0	142452503.0	142743359.0	142744657.0	292154.0
142452509.0	142464194.0	142744658.0	142756343.0	292149.0
142464195.0	142468033.0	142756348.0	142760186.0	292153.0
142468036.0	142474267.0	142760187.0	142766418.0	292151.0
142474268.0	142476163.0	142766420.0	142768315.0	292152.0
142476164.0	142476437.0	142768317.0	142768590.0	292153.0
142476439.0	142476460.0	142768591.0	142768612.0	292152.0
142476461.0	142476772.0	142768615.0	142768926.0	292154.0
142476773.0	142476963.0	142768928.0	142769118.0	292155.0
142476964.0	142477384.0	142769120.0	142769540.0	292156.0
142477385.0	142478071.0	142769542.0	142770228.0	292157.0
142478074.0	142478180.0	142770229.0	142770335.0	292155.0
142478192.0	142478368.0	142770336.0	142770512.0	292144.0
142478369.0	142478687.0	142770517.0	142770835.0	292148.0
142478694.0	142478771.0	142770836.0	142770913.0	292142.0
142478772.0	142478916.0	142770915.0	142771059.0	292143.0
142478917.0	142478918.0	142771062.0	142771063.0	292145.0
142478923.0	142479239.0	142771064.0	142771380.0	292141.0
142479242.0	142479407.0	142771381.0	142771546.0	292139.0
142479408.0	142479425.0	142771548.0	142771565.0	292140.0
142479427.0	142479767.0	142771566.0	142771906.0	292139.0
142479768.0	142480182.0	142771908.0	142772322.0	292140.0
142480183.0	142480348.0	142772324.0	142772489.0	292141.0
142480350.0	142480429.0	142772490.0	142772569.0	292140.0
142480430.0	142480432.0	142772572.0	142772574.0	292142.0
142480434.0	142480484.0	142772575.0	142772625.0	292141.0
142480485.0	142480560.0	142772627.0	142772702.0	292142.0
142480561.0	142480562.0	142772708.0	142772709.0	292147.0
142480571.0	142480587.0	142772710.0	142772726.0	292139.0
142480588.0	142480777.0	142772728.0	142772917.0	292140.0
142481438.0	142481471.0	142773576.0	142773609.0	292138.0
142481472.0	142481656.0	142773616.0	142773800.0	292144.0
142481657.0	142481742.0	142773803.0	142773888.0	292146.0
142481746.0	142481922.0	142773889.0	142774065.0	292143.0
142481926.0	142481996.0	142774066.0	142774136.0	292140.0
142481997.0	142482024.0	142774138.0	142774165.0	292141.0
142482026.0	142482183.0	142774166.0	142774323.0	292140.0
142482184.0	142482524.0	142774328.0	142774668.0	292144.0
142482526.0	142482583.0	142774669.0	142774726.0	292143.0
142482587.0	142482605.0	142774727.0	142774745.0	292140.0
142482607.0	142482615.0	142774746.0	142774754.0	292139.0
142482616.0	142482666.0	142774756.0	142774806.0	292140.0
142482669.0	142482793.0	142774807.0	142774931.0	292138.0
142482794.0	142483251.0	142774935.0	142775392.0	292141.0
142483254.0	142483274.0	142775393.0	142775413.0	292139.0
142483276.0	142484009.0	142775414.0	142776147.0	292138.0
142484010.0	142484025.0	142776152.0	142776167.0	292142.0
142484027.0	142484131.0	142776168.0	142776272.0	292141.0
142484132.0	142484634.0	142776278.0	142776780.0	292146.0
142484635.0	142484711.0	142776782.0	142776858.0	292147.0
142484714.0	142484780.0	142776859.0	142776925.0	292145.0
142484782.0	142484786.0	142776926.0	142776930.0	292144.0
142484787.0	142484827.0	142776933.0	142776973.0	292146.0
142484831.0	142484836.0	142776974.0	142776979.0	292143.0
142484837.0	142484844.0	142776983.0	142776990.0	292146.0
142484845.0	142484851.0	142776996.0	142777002.0	292151.0
142484852.0	142484987.0	142777034.0	142777169.0	292182.0
142484989.0	142485231.0	142777170.0	142777412.0	292181.0
142485232.0	142485443.0	142777414.0	142777625.0	292182.0
142485445.0	142485678.0	142777626.0	142777859.0	292181.0
142485680.0	142485686.0	142777860.0	142777866.0	292180.0
142485687.0	142485847.0	142777870.0	142778030.0	292183.0
142485848.0	142485965.0	142778032.0	142778149.0	292184.0
142485966.0	142486047.0	142778155.0	142778236.0	292189.0
142486050.0	142486052.0	142778237.0	142778239.0	292187.0
142486053.0	142486205.0	142778241.0	142778393.0	292188.0
142486206.0	142486254.0	142778395.0	142778443.0	292189.0
142486255.0	142492839.0	142778445.0	142785029.0	292190.0
142492840.0	142494030.0	142785031.0	142786221.0	292191.0
142494049.0	142509361.0	142796365.0	142811677.0	302316.0
142509363.0	142511880.0	142811678.0	142814195.0	302315.0
142511882.0	142522652.0	142814196.0	142824966.0	302314.0
142522653.0	142524567.0	142824968.0	142826882.0	302315.0
142524568.0	142526144.0	142826884.0	142828460.0	302316.0
142526145.0	142527462.0	142828463.0	142829780.0	302318.0
142527464.0	142527860.0	142829781.0	142830177.0	302317.0
142527917.0	142527941.0	142830178.0	142830202.0	302261.0
142527944.0	142527988.0	142830203.0	142830247.0	302259.0
142528019.0	142530618.0	142830248.0	142832847.0	302229.0
142530619.0	142531232.0	142832849.0	142833462.0	302230.0
142531233.0	142532085.0	142833466.0	142834318.0	302233.0
142532086.0	142533533.0	142834320.0	142835767.0	302234.0
142533534.0	142535363.0	142835773.0	142837602.0	302239.0
142535364.0	142535370.0	142837616.0	142837622.0	302252.0
142535371.0	142535441.0	142837625.0	142837695.0	302254.0
142535468.0	142537362.0	142837696.0	142839590.0	302228.0
142537363.0	142538472.0	142839592.0	142840701.0	302229.0
142538474.0	142539127.0	142840702.0	142841355.0	302228.0
142539128.0	142540144.0	142841357.0	142842373.0	302229.0
142540147.0	142540422.0	142842374.0	142842649.0	302227.0
142540423.0	142541008.0	142842651.0	142843236.0	302228.0
142541009.0	142543607.0	142843245.0	142845843.0	302236.0
142543608.0	142544964.0	142845845.0	142847201.0	302237.0
142544965.0	142547030.0	142847204.0	142849269.0	302239.0
142547031.0	142550353.0	142849271.0	142852593.0	302240.0
142550356.0	142556185.0	142852594.0	142858423.0	302238.0
142556186.0	142556362.0	142858426.0	142858602.0	302240.0
142556366.0	142556908.0	142858603.0	142859145.0	302237.0
142556909.0	142562051.0	142859151.0	142864293.0	302242.0
142562052.0	142566684.0	142864297.0	142868929.0	302245.0
142566685.0	142576432.0	142868932.0	142878679.0	302247.0
142576433.0	142585286.0	142878688.0	142887541.0	302255.0
142585289.0	142585313.0	142887542.0	142887566.0	302253.0
142585319.0	142586083.0	142887567.0	142888331.0	302248.0
142586085.0	142587384.0	142888332.0	142889631.0	302247.0
142587386.0	142587394.0	142889632.0	142889640.0	302246.0
142587395.0	142587460.0	142889643.0	142889708.0	302248.0
142587467.0	142587872.0	142889709.0	142890114.0	302242.0
142587873.0	142587953.0	142890133.0	142890213.0	302260.0
142587956.0	142588002.0	142890214.0	142890260.0	302258.0
142588003.0	142588031.0	142890265.0	142890293.0	302262.0
142588033.0	142588045.0	142890294.0	142890306.0	302261.0
142588050.0	142588062.0	142890307.0	142890319.0	302257.0
142588063.0	142588144.0	142890330.0	142890411.0	302267.0
142588153.0	142588154.0	142890412.0	142890413.0	302259.0
142588155.0	142588184.0	142890419.0	142890448.0	302264.0
142588185.0	142588190.0	142890491.0	142890496.0	302306.0
142588195.0	142588216.0	142890497.0	142890518.0	302302.0
142588217.0	142588218.0	142890523.0	142890524.0	302306.0
142588221.0	142588244.0	142890525.0	142890548.0	302304.0
142588245.0	142588263.0	142890557.0	142890575.0	302312.0
142588266.0	142588279.0	142890576.0	142890589.0	302310.0
142588280.0	142588306.0	142890600.0	142890626.0	302320.0
142588307.0	142588337.0	142890681.0	142890711.0	302374.0
142588338.0	142588344.0	142890721.0	142890727.0	302383.0
142588345.0	142588353.0	142890736.0	142890744.0	302391.0
142588354.0	142588366.0	142890751.0	142890763.0	302397.0
142588367.0	142588369.0	142890770.0	142890772.0	302403.0
142588373.0	142588377.0	142890773.0	142890777.0	302400.0
142588378.0	142588395.0	142890783.0	142890800.0	302405.0
142588396.0	142588398.0	142890807.0	142890809.0	302411.0
142588399.0	142588410.0	142890823.0	142890834.0	302424.0
142588411.0	142588421.0	142890859.0	142890869.0	302448.0
142588423.0	142588428.0	142890870.0	142890875.0	302447.0
142588430.0	142588430.0	142890876.0	142890876.0	302446.0
142588431.0	142588437.0	142890903.0	142890909.0	302472.0
142588438.0	142588454.0	142890922.0	142890938.0	302484.0
142588455.0	142588461.0	142890959.0	142890965.0	302504.0
142588462.0	142588474.0	142890973.0	142890985.0	302511.0
142588475.0	142588722.0	142891001.0	142891248.0	302526.0
142588727.0	142591096.0	142891249.0	142893618.0	302522.0
142591097.0	142591119.0	142893969.0	142893991.0	302872.0
142591159.0	142591480.0	142893992.0	142894313.0	302833.0
142591482.0	142595578.0	142894314.0	142898410.0	302832.0
142595579.0	142596440.0	142898412.0	142899273.0	302833.0
142596442.0	142600804.0	142899274.0	142903636.0	302832.0
142600805.0	142602721.0	142903639.0	142905555.0	302834.0
142602723.0	142603292.0	142905556.0	142906125.0	302833.0
142603293.0	142610048.0	142906127.0	142912882.0	302834.0
142610053.0	142614079.0	142912883.0	142916909.0	302830.0
142614081.0	142621483.0	142916910.0	142924312.0	302829.0
142621484.0	142628135.0	142924389.0	142931040.0	302905.0
142628138.0	142637245.0	142931041.0	142940148.0	302903.0
142637246.0	142667608.0	142940159.0	142970521.0	302913.0
142667609.0	142667627.0	142970524.0	142970542.0	302915.0
142667628.0	142668473.0	142970545.0	142971390.0	302917.0
142668475.0	142668997.0	142971391.0	142971913.0	302916.0
142668998.0	142676182.0	142971915.0	142979099.0	302917.0
142676184.0	142686366.0	142979100.0	142989282.0	302916.0
142686368.0	142695588.0	142989283.0	142998503.0	302915.0
142695591.0	142738147.0	142998504.0	143041060.0	302913.0
142738162.0	142747430.0	143041061.0	143050329.0	302899.0
142747431.0	142780260.0	143050334.0	143083163.0	302903.0
142780261.0	142780351.0	143083174.0	143083264.0	302913.0
142780358.0	143347897.0	143083265.0	143650804.0	302907.0
143397898.0	145797062.0	143700805.0	146099969.0	302907.0
145797063.0	148921870.0	146099971.0	149224778.0	302908.0
148921871.0	149426307.0	149224780.0	149729216.0	302909.0
149426308.0	149429199.0	149729218.0	149732109.0	302910.0
149429200.0	149476666.0	149732111.0	149779577.0	302911.0
149476667.0	149515188.0	149779579.0	149818100.0	302912.0
149515190.0	150079225.0	149818101.0	150382136.0	302911.0
150079226.0	150713903.0	150382138.0	151016815.0	302912.0
150713904.0	150892684.0	151016817.0	151195597.0	302913.0
150892685.0	151546273.0	151195599.0	151849187.0	302914.0
151546274.0	154270634.0	151849189.0	154573549.0	302915.0
154370635.0	155126443.0	154578925.0	155334733.0	208290.0
155127020.0	155127412.0	155334734.0	155335126.0	207714.0
155127413.0	155127414.0	155335139.0	155335140.0	207726.0
155127415.0	155127443.0	155335145.0	155335173.0	207730.0
155127444.0	155127705.0	155335190.0	155335451.0	207746.0
155127706.0	155127724.0	155335468.0	155335486.0	207762.0
155127741.0	155127951.0	155335487.0	155335697.0	207746.0
155127952.0	155127962.0	155335714.0	155335724.0	207762.0
155127964.0	155129691.0	155335725.0	155337452.0	207761.0
155129693.0	155133886.0	155337453.0	155341646.0	207760.0
155134355.0	155137256.0	155341647.0	155344548.0	207292.0
155137257.0	155138977.0	155344557.0	155346277.0	207300.0
155138978.0	155140551.0	155346279.0	155347852.0	207301.0
155140556.0	155143428.0	155347853.0	155350725.0	207297.0
155143429.0	155143443.0	155350727.0	155350741.0	207298.0
155143448.0	155143448.0	155350742.0	155350742.0	207294.0
155143449.0	155143450.0	155350748.0	155350749.0	207299.0
155143452.0	155145593.0	155350750.0	155352891.0	207298.0
155145594.0	155146982.0	155352894.0	155354282.0	207300.0
155146983.0	155147047.0	155354287.0	155354351.0	207304.0
155147062.0	155147201.0	155354352.0	155354491.0	207290.0
155147202.0	155147355.0	155354498.0	155354651.0	207296.0
155147357.0	155147415.0	155354652.0	155354710.0	207295.0
155147416.0	155147427.0	155354719.0	155354730.0	207303.0
155147428.0	155147523.0	155354733.0	155354828.0	207305.0
155147526.0	155147651.0	155354829.0	155354954.0	207303.0
155147652.0	155382680.0	155354957.0	155589985.0	207305.0
155382681.0	157354223.0	155589987.0	157561529.0	207306.0
157354224.0	157358308.0	157561531.0	157565615.0	207307.0
157358309.0	158489053.0	157565617.0	158696361.0	207308.0
158489054.0	158932538.0	158696363.0	159139847.0	207309.0
158932540.0	158953390.0	159139848.0	159160698.0	207308.0
158953391.0	158985411.0	159160700.0	159192720.0	207309.0
158985412.0	158989835.0	159192722.0	159197145.0	207310.0
158989836.0	159018648.0	159197147.0	159225959.0	207311.0
159018650.0	159053760.0	159225960.0	159261070.0	207310.0
159053761.0	159118202.0	159261072.0	159325513.0	207311.0
159118204.0	159128663.0	159325514.0	159335973.0	207310.0
