10001.0	1231955.0	60001.0	1281955.0	50000.0
1231956.0	1232029.0	1282498.0	1282571.0	50542.0
1232031.0	1232069.0	1282572.0	1282610.0	50541.0
1232071.0	1232232.0	1282611.0	1282772.0	50540.0
1232233.0	1236515.0	1282849.0	1287131.0	50616.0
1236520.0	1236592.0	1287132.0	1287204.0	50612.0
1236593.0	1236666.0	1287209.0	1287282.0	50616.0
1236672.0	1236879.0	1287283.0	1287490.0	50611.0
1236880.0	1236906.0	1287502.0	1287528.0	50622.0
1236909.0	1236992.0	1287529.0	1287612.0	50620.0
1236996.0	1237016.0	1287613.0	1287633.0	50617.0
1237021.0	1237093.0	1287634.0	1287706.0	50613.0
1237094.0	1242097.0	1288831.0	1293834.0	51737.0
1242098.0	1243157.0	1293839.0	1294898.0	51741.0
1243159.0	1245703.0	1294899.0	1297443.0	51740.0
1245704.0	1246051.0	1297446.0	1297793.0	51742.0
1246052.0	1246300.0	1297796.0	1298044.0	51744.0
1246304.0	1248515.0	1298045.0	1300256.0	51741.0
1248518.0	1249714.0	1300257.0	1301453.0	51739.0
1249715.0	1250627.0	1301456.0	1302368.0	51741.0
1250628.0	1251561.0	1302469.0	1303402.0	51841.0
1251562.0	1254229.0	1303407.0	1306074.0	51845.0
1254241.0	1966768.0	1306075.0	2018602.0	51834.0
1966769.0	1973007.0	2018608.0	2024846.0	51839.0
1973010.0	1977775.0	2024847.0	2029612.0	51837.0
1977779.0	1979677.0	2029613.0	2031511.0	51834.0
1979678.0	1980406.0	2031513.0	2032241.0	51835.0
1980407.0	1980622.0	2032243.0	2032458.0	51836.0
1980623.0	1986002.0	2032481.0	2037860.0	51858.0
1986014.0	1986424.0	2037861.0	2038271.0	51847.0
1986427.0	1988102.0	2038272.0	2039947.0	51845.0
1988107.0	1988317.0	2039948.0	2040158.0	51841.0
1988318.0	1988665.0	2040160.0	2040507.0	51842.0
1988666.0	1989661.0	2040516.0	2041511.0	51850.0
1989662.0	1992634.0	2041546.0	2044518.0	51884.0
1992635.0	1996911.0	2044520.0	2048796.0	51885.0
1996912.0	1999290.0	2048798.0	2051176.0	51886.0
1999295.0	2006116.0	2051177.0	2057998.0	51882.0
2006120.0	2008877.0	2057999.0	2060756.0	51879.0
2008878.0	2015866.0	2060758.0	2067746.0	51880.0
2015867.0	2020130.0	2067748.0	2072011.0	51881.0
2020132.0	2020377.0	2072012.0	2072257.0	51880.0
2020378.0	2025389.0	2072298.0	2077309.0	51920.0
2025391.0	2029195.0	2077310.0	2081114.0	51919.0
2029197.0	2029247.0	2081115.0	2081165.0	51918.0
2029248.0	2029298.0	2081167.0	2081217.0	51919.0
2029300.0	2029350.0	2081218.0	2081268.0	51918.0
2029351.0	2029507.0	2081270.0	2081426.0	51919.0
2029560.0	2030528.0	2081427.0	2082395.0	51867.0
2030529.0	2031564.0	2082397.0	2083432.0	51868.0
2031567.0	2031568.0	2083433.0	2083434.0	51866.0
2031569.0	2033553.0	2083437.0	2085421.0	51868.0
2033554.0	2033707.0	2085684.0	2085837.0	52130.0
2033710.0	2033722.0	2085838.0	2085850.0	52128.0
2033723.0	2033824.0	2085855.0	2085956.0	52132.0
2033825.0	2033911.0	2085961.0	2086047.0	52136.0
2033912.0	2033963.0	2086050.0	2086101.0	52138.0
2033964.0	2033978.0	2086104.0	2086118.0	52140.0
2033979.0	2034036.0	2086123.0	2086180.0	52144.0
2034039.0	2034169.0	2086181.0	2086311.0	52142.0
2034170.0	2036894.0	2086393.0	2089117.0	52223.0
2036896.0	2037015.0	2089118.0	2089237.0	52222.0
2037061.0	2038859.0	2089238.0	2091036.0	52177.0
2038864.0	2039907.0	2091037.0	2092080.0	52173.0
2039909.0	2040598.0	2092081.0	2092770.0	52172.0
2040599.0	2042159.0	2092772.0	2094332.0	52173.0
2042173.0	2045813.0	2094333.0	2097973.0	52160.0
2045814.0	2045815.0	2097978.0	2097979.0	52164.0
2045816.0	2047844.0	2097986.0	2100014.0	52170.0
2047845.0	2047916.0	2100028.0	2100099.0	52183.0
2047917.0	2054482.0	2100127.0	2106692.0	52210.0
2054484.0	2062955.0	2106693.0	2115164.0	52209.0
2062957.0	2063920.0	2115165.0	2116128.0	52208.0
2063923.0	2064740.0	2116129.0	2116946.0	52206.0
2064741.0	2065055.0	2116951.0	2117265.0	52210.0
2065056.0	2068478.0	2117267.0	2120689.0	52211.0
2068480.0	2068486.0	2120690.0	2120696.0	52210.0
2068570.0	2073477.0	2120697.0	2125604.0	52127.0
2073478.0	2075676.0	2125606.0	2127804.0	52128.0
2075793.0	2079648.0	2127805.0	2131660.0	52012.0
2079649.0	2086937.0	2131662.0	2138950.0	52013.0
2086938.0	2088317.0	2139017.0	2140396.0	52079.0
2088320.0	2090001.0	2140397.0	2142078.0	52077.0
2090004.0	2090668.0	2142079.0	2142743.0	52075.0
2090669.0	2095587.0	2142745.0	2147663.0	52076.0
2095588.0	2098484.0	2147665.0	2150561.0	52077.0
2098486.0	2100862.0	2150562.0	2152938.0	52076.0
2100865.0	2101104.0	2152939.0	2153178.0	52074.0
2101107.0	2102611.0	2153179.0	2154683.0	52072.0
2102612.0	2103174.0	2154685.0	2155247.0	52073.0
2103178.0	2106048.0	2155248.0	2158118.0	52070.0
2106049.0	2112080.0	2158124.0	2164155.0	52075.0
2112081.0	2119501.0	2164158.0	2171578.0	52077.0
2119502.0	2120403.0	2171583.0	2172484.0	52081.0
2120420.0	2120676.0	2172485.0	2172741.0	52065.0
2120677.0	2122084.0	2172749.0	2174156.0	52072.0
2122349.0	2122823.0	2174157.0	2174631.0	51808.0
2122824.0	2123477.0	2174633.0	2175286.0	51809.0
2123478.0	2126253.0	2175288.0	2178063.0	51810.0
2126255.0	2126796.0	2178064.0	2178605.0	51809.0
2126809.0	2130443.0	2178606.0	2182240.0	51797.0
2130444.0	2134325.0	2182247.0	2186128.0	51803.0
2134326.0	2139326.0	2186130.0	2191130.0	51804.0
2139327.0	2139334.0	2191132.0	2191139.0	51805.0
2139335.0	2139338.0	2191143.0	2191146.0	51808.0
2139339.0	2139360.0	2191156.0	2191177.0	51817.0
2139361.0	2139384.0	2191187.0	2191210.0	51826.0
2139387.0	2139395.0	2191211.0	2191219.0	51824.0
2139396.0	2139405.0	2191223.0	2191232.0	51827.0
2139406.0	2139438.0	2191234.0	2191266.0	51828.0
2139439.0	2139614.0	2191927.0	2192102.0	52488.0
2139635.0	2139804.0	2192103.0	2192272.0	52468.0
2139805.0	2145027.0	2192274.0	2197496.0	52469.0
2145050.0	2148297.0	2197497.0	2200744.0	52447.0
2148346.0	2148362.0	2200745.0	2200761.0	52399.0
2148373.0	2148381.0	2200762.0	2200770.0	52389.0
2148384.0	2148392.0	2200771.0	2200779.0	52387.0
2148420.0	2148420.0	2200780.0	2200780.0	52360.0
2148421.0	2148430.0	2200784.0	2200793.0	52363.0
2148433.0	2152627.0	2200794.0	2204988.0	52361.0
2152632.0	2157219.0	2204989.0	2209576.0	52357.0
2157248.0	2159671.0	2209577.0	2212000.0	52329.0
2159672.0	2162163.0	2212005.0	2214496.0	52333.0
2162165.0	2162402.0	2214497.0	2214734.0	52332.0
2162403.0	2163526.0	2214736.0	2215859.0	52333.0
2163529.0	2164945.0	2215860.0	2217276.0	52331.0
2164946.0	2166339.0	2217278.0	2218671.0	52332.0
2166341.0	2167149.0	2218672.0	2219480.0	52331.0
2167150.0	2167166.0	2219482.0	2219498.0	52332.0
2167168.0	2168236.0	2219499.0	2220567.0	52331.0
2168237.0	2179221.0	2220569.0	2231553.0	52332.0
2179222.0	2181148.0	2231555.0	2233481.0	52333.0
2181241.0	2184152.0	2233482.0	2236393.0	52241.0
2184155.0	2185781.0	2236394.0	2238020.0	52239.0
2185782.0	2185950.0	2238024.0	2238192.0	52242.0
2185953.0	2186104.0	2238193.0	2238344.0	52240.0
2186105.0	2187843.0	2238346.0	2240084.0	52241.0
2187844.0	2189691.0	2240086.0	2241933.0	52242.0
2189692.0	2190940.0	2476429.0	2477677.0	286737.0
2190942.0	2191249.0	2476121.0	2476428.0	285179.0
2191250.0	2191287.0	2476082.0	2476119.0	284832.0
2191288.0	2192022.0	2475346.0	2476080.0	284058.0
2192086.0	2192094.0	2475337.0	2475345.0	283251.0
2192115.0	2192126.0	2475325.0	2475336.0	283210.0
2192127.0	2192140.0	2475310.0	2475323.0	283183.0
2192182.0	2192211.0	2475280.0	2475309.0	283098.0
2192213.0	2192216.0	2475276.0	2475279.0	283063.0
2192217.0	2192239.0	2475250.0	2475272.0	283033.0
2192241.0	2192251.0	2475239.0	2475249.0	282998.0
2192252.0	2192258.0	2475231.0	2475237.0	282979.0
2192259.0	2192272.0	2475215.0	2475228.0	282956.0
2192273.0	2192280.0	2475205.0	2475212.0	282932.0
2192281.0	2192301.0	2475176.0	2475196.0	282895.0
2192313.0	2195276.0	2472212.0	2475175.0	279899.0
2195277.0	2195494.0	2471956.0	2472173.0	276679.0
2195495.0	2196461.0	2470988.0	2471954.0	275493.0
2196462.0	2197271.0	2470177.0	2470986.0	273715.0
2197280.0	2198798.0	2468658.0	2470176.0	271378.0
2198799.0	2198806.0	2468648.0	2468655.0	269849.0
2198807.0	2200065.0	2467386.0	2468644.0	268579.0
2200072.0	2200075.0	2467382.0	2467385.0	267310.0
2200076.0	2205231.0	2254292.0	2259447.0	54216.0
2205232.0	2206105.0	2259450.0	2260323.0	54218.0
2206106.0	2206113.0	2260327.0	2260334.0	54221.0
2206116.0	2207206.0	2260335.0	2261425.0	54219.0
2207207.0	2208113.0	2261427.0	2262333.0	54220.0
2208122.0	2208254.0	2262334.0	2262466.0	54212.0
2208255.0	2211462.0	2262468.0	2265675.0	54213.0
2211464.0	2211472.0	2265676.0	2265684.0	54212.0
2211473.0	2213902.0	2265699.0	2268128.0	54226.0
2213908.0	2214934.0	2268129.0	2269155.0	54221.0
2214935.0	2215375.0	2269157.0	2269597.0	54222.0
2215376.0	2215394.0	2269602.0	2269620.0	54226.0
2215395.0	2215518.0	2269706.0	2269829.0	54311.0
2215743.0	2215751.0	2269621.0	2269629.0	53878.0
2215867.0	2216513.0	2269830.0	2270476.0	53963.0
2216515.0	2217664.0	2270477.0	2271626.0	53962.0
2217665.0	2217673.0	2271628.0	2271636.0	53963.0
2217681.0	2220174.0	2271637.0	2274130.0	53956.0
2220187.0	2223995.0	2274131.0	2277939.0	53944.0
2223996.0	2260441.0	2277941.0	2314386.0	53945.0
2260442.0	2260541.0	2407241.0	2407340.0	146799.0
2260542.0	2262594.0	2314487.0	2316539.0	53945.0
2262595.0	2269251.0	2316543.0	2323199.0	53948.0
2269252.0	2270011.0	2323204.0	2323963.0	53952.0
2270024.0	2279160.0	2323964.0	2333100.0	53940.0
2279162.0	2280446.0	2333101.0	2334385.0	53939.0
2280447.0	2282207.0	2385584.0	2387344.0	105137.0
2282208.0	2282294.0	2385493.0	2385579.0	103285.0
2282299.0	2285275.0	2382516.0	2385492.0	100217.0
2285278.0	2288186.0	2379607.0	2382515.0	94329.0
2288188.0	2289638.0	2378156.0	2379606.0	89968.0
2289643.0	2290501.0	2377297.0	2378155.0	87654.0
2290503.0	2294977.0	2372822.0	2377296.0	82319.0
2294979.0	2296240.0	2371560.0	2372821.0	76581.0
2296241.0	2296281.0	2371517.0	2371557.0	75276.0
2296282.0	2296380.0	2371416.0	2371514.0	75134.0
2296381.0	2296486.0	2371308.0	2371413.0	74927.0
2296489.0	2296598.0	2371198.0	2371307.0	74709.0
2296601.0	2306502.0	2361296.0	2371197.0	64695.0
2306503.0	2316506.0	2351291.0	2361294.0	44788.0
2316507.0	2318767.0	2349012.0	2351272.0	32505.0
2318769.0	2319316.0	2348464.0	2349011.0	29695.0
2319318.0	2319510.0	2348271.0	2348463.0	28953.0
2319512.0	2320998.0	2346784.0	2348270.0	27272.0
2320999.0	2321630.0	2346151.0	2346782.0	25152.0
2321637.0	2322061.0	2345726.0	2346150.0	24089.0
2322064.0	2322126.0	2345663.0	2345725.0	23599.0
2322144.0	2322166.0	2345640.0	2345662.0	23496.0
2322168.0	2322189.0	2345618.0	2345639.0	23450.0
2322258.0	2322320.0	2345555.0	2345617.0	23297.0
2322332.0	2322619.0	2345267.0	2345554.0	22935.0
2322622.0	2322926.0	2344962.0	2345266.0	22340.0
2322928.0	2324864.0	2343025.0	2344961.0	20097.0
2324865.0	2326622.0	2341261.0	2343018.0	16396.0
2326627.0	2327814.0	2340073.0	2341260.0	13446.0
2327815.0	2327847.0	2340036.0	2340068.0	12221.0
2327849.0	2327875.0	2340009.0	2340035.0	12160.0
2327876.0	2327878.0	2339996.0	2339998.0	12120.0
2327885.0	2327899.0	2339981.0	2339995.0	12096.0
2327900.0	2328646.0	2339230.0	2339976.0	11330.0
2328647.0	2329210.0	2338663.0	2339226.0	10016.0
2329211.0	2329565.0	2247289.0	2247643.0	-81922.0
2329566.0	2331789.0	2245027.0	2247250.0	-84539.0
2331790.0	2332360.0	2244438.0	2245008.0	-87352.0
2332361.0	2332380.0	2244347.0	2244366.0	-88014.0
2332381.0	2332383.0	2244340.0	2244342.0	-88041.0
2332384.0	2333179.0	2243528.0	2244323.0	-88856.0
2333181.0	2333527.0	2243181.0	2243527.0	-90000.0
2333528.0	2334210.0	2242495.0	2243177.0	-91033.0
2334777.0	2337804.0	2477678.0	2480705.0	142901.0
2337814.0	2338675.0	2480706.0	2481567.0	142892.0
2338678.0	2340021.0	2481568.0	2482911.0	142890.0
2340022.0	2344350.0	2482916.0	2487244.0	142894.0
2344359.0	2345970.0	2487245.0	2488856.0	142886.0
2345973.0	2352916.0	2488857.0	2495800.0	142884.0
2352917.0	2356751.0	2495803.0	2499637.0	142886.0
2356752.0	2374739.0	2499639.0	2517626.0	142887.0
2374740.0	2374743.0	2517628.0	2517631.0	142888.0
2374758.0	2386557.0	2517632.0	2529431.0	142874.0
2386559.0	2388663.0	2529432.0	2531536.0	142873.0
2388664.0	2389570.0	2531539.0	2532445.0	142875.0
2389572.0	2393097.0	2532446.0	2535971.0	142874.0
2393098.0	2394391.0	2535976.0	2537269.0	142878.0
2394392.0	2394453.0	2537271.0	2537332.0	142879.0
2394454.0	2398384.0	2537335.0	2541265.0	142881.0
2398385.0	2398930.0	2541292.0	2541837.0	142907.0
2398931.0	2422476.0	2541839.0	2565384.0	142908.0
2422477.0	2440804.0	2565387.0	2583714.0	142910.0
2440806.0	2465702.0	2583715.0	2608611.0	142909.0
2465703.0	2474406.0	2608613.0	2617316.0	142910.0
2474407.0	2475627.0	2617321.0	2618541.0	142914.0
2475630.0	2480450.0	2618542.0	2623362.0	142912.0
2480454.0	2480469.0	2623368.0	2623383.0	142914.0
2480473.0	2480488.0	2623389.0	2623404.0	142916.0
2480492.0	2480499.0	2623410.0	2623417.0	142918.0
2480502.0	2480506.0	2623419.0	2623423.0	142917.0
2480511.0	2480522.0	2623424.0	2623435.0	142913.0
2480831.0	2480835.0	2623363.0	2623367.0	142532.0
2480850.0	2480854.0	2623384.0	2623388.0	142534.0
2480869.0	2480873.0	2623405.0	2623409.0	142536.0
2480880.0	2480880.0	2623418.0	2623418.0	142538.0
2480903.0	2481171.0	2623436.0	2623704.0	142533.0
2481173.0	2482741.0	2623705.0	2625273.0	142532.0
2482746.0	2483962.0	2625274.0	2626490.0	142528.0
2483964.0	2484912.0	2626491.0	2627439.0	142527.0
2484917.0	2484957.0	2627440.0	2627480.0	142523.0
2484962.0	2485007.0	2627481.0	2627526.0	142519.0
2485018.0	2486862.0	2627527.0	2629371.0	142509.0
2486864.0	2492024.0	2629372.0	2634532.0	142508.0
2492025.0	2492393.0	2634534.0	2634902.0	142509.0
2492395.0	2492502.0	2634903.0	2635010.0	142508.0
2492504.0	2493846.0	2635011.0	2636353.0	142507.0
2493849.0	2494276.0	2636354.0	2636781.0	142505.0
2494278.0	2499445.0	2636782.0	2641949.0	142504.0
2499447.0	2500483.0	2641950.0	2642986.0	142503.0
2500484.0	2500579.0	2642989.0	2643084.0	142505.0
2500581.0	2501620.0	2643085.0	2644124.0	142504.0
2501633.0	2502005.0	2644125.0	2644497.0	142492.0
2502007.0	2505721.0	2644498.0	2648212.0	142491.0
2505730.0	2513552.0	2648213.0	2656035.0	142483.0
2513553.0	2518661.0	2656037.0	2661145.0	142484.0
2518662.0	2520195.0	2661154.0	2662687.0	142492.0
2520200.0	2521850.0	2662688.0	2664338.0	142488.0
2521852.0	2522585.0	2664339.0	2665072.0	142487.0
2522586.0	2528454.0	2665074.0	2670942.0	142488.0
2528455.0	2534420.0	2670947.0	2676912.0	142492.0
2534422.0	2535577.0	2676913.0	2678068.0	142491.0
2535578.0	2536902.0	2678077.0	2679401.0	142499.0
2536903.0	2537275.0	2679404.0	2679776.0	142501.0
2537276.0	2537829.0	2679780.0	2680333.0	142504.0
2537830.0	2544610.0	2680335.0	2687115.0	142505.0
2544616.0	2548740.0	2687116.0	2691240.0	142500.0
2548743.0	2551786.0	2691241.0	2694284.0	142498.0
2551787.0	2552145.0	2694286.0	2694644.0	142499.0
2552147.0	2557154.0	2694645.0	2699652.0	142498.0
2557155.0	2560642.0	2699654.0	2703141.0	142499.0
2560669.0	2560700.0	2703142.0	2703173.0	142473.0
2560703.0	2561157.0	2703174.0	2703628.0	142471.0
2561160.0	2566158.0	2703629.0	2708627.0	142469.0
2566163.0	2567098.0	2708628.0	2709563.0	142465.0
2567100.0	2567401.0	2709564.0	2709865.0	142464.0
2567404.0	2573531.0	2709866.0	2715993.0	142462.0
2573532.0	2578715.0	2715999.0	2721182.0	142467.0
2578717.0	2580722.0	2721183.0	2723188.0	142466.0
2580731.0	2581910.0	2723189.0	2724368.0	142458.0
2581911.0	2583760.0	2724370.0	2726219.0	142459.0
2583761.0	2588109.0	2726221.0	2730569.0	142460.0
2588110.0	2591451.0	2730579.0	2733920.0	142469.0
2591452.0	2598387.0	2733924.0	2740859.0	142472.0
2598389.0	2602857.0	2740860.0	2745328.0	142471.0
2602858.0	2602873.0	2745331.0	2745346.0	142473.0
2602874.0	2605687.0	2745348.0	2748161.0	142474.0
2605696.0	2608750.0	2748162.0	2751216.0	142466.0
2608751.0	2614118.0	2751219.0	2756586.0	142468.0
2614120.0	2618188.0	2756587.0	2760655.0	142467.0
2618194.0	2649071.0	2760656.0	2791533.0	142462.0
2649072.0	2655346.0	2791536.0	2797810.0	142464.0
2655347.0	2655402.0	2797825.0	2797880.0	142478.0
2655403.0	2662595.0	2797885.0	2805077.0	142482.0
2662600.0	6018425.0	2805078.0	6160903.0	142478.0
6018426.0	6673377.0	6160905.0	6815856.0	142479.0
6673379.0	8176383.0	6815857.0	8318861.0	142478.0
8176388.0	8234868.0	8318872.0	8377352.0	142484.0
8234869.0	11023800.0	8377359.0	11166290.0	142490.0
11023801.0	18236412.0	11166292.0	18378903.0	142491.0
18236414.0	19127717.0	18378904.0	19270207.0	142490.0
19127719.0	21504766.0	19270208.0	21647255.0	142489.0
21504768.0	21702445.0	21647256.0	21844933.0	142488.0
21702446.0	21966702.0	21844935.0	22109191.0	142489.0
21966704.0	21966710.0	22109192.0	22109198.0	142488.0
21966712.0	24811064.0	22109199.0	24953551.0	142487.0
24811066.0	24856545.0	24953552.0	24999031.0	142486.0
24856547.0	25051355.0	24999032.0	25193840.0	142485.0
25051357.0	26522754.0	25193841.0	26665238.0	142484.0
26522756.0	29434350.0	26665239.0	29576833.0	142483.0
29434351.0	30348639.0	29576835.0	30491123.0	142484.0
30348641.0	30620844.0	30491124.0	30763327.0	142483.0
30620845.0	32381968.0	30763329.0	32524452.0	142484.0
32381970.0	32396645.0	32524453.0	32539128.0	142483.0
32396647.0	32492316.0	32539129.0	32634798.0	142482.0
32492318.0	32533628.0	32634799.0	32676109.0	142481.0
32533629.0	38827186.0	32676111.0	38969668.0	142482.0
38827188.0	41517959.0	38969669.0	41660440.0	142481.0
41517960.0	42374886.0	41660442.0	42517368.0	142482.0
42374889.0	42376963.0	42517369.0	42519443.0	142480.0
42376965.0	42377529.0	42519444.0	42520008.0	142479.0
42377532.0	42377942.0	42520009.0	42520419.0	142477.0
42377943.0	42377989.0	42522795.0	42522841.0	144852.0
42377990.0	42378029.0	42522849.0	42522888.0	144859.0
42378030.0	42378047.0	42522891.0	42522908.0	144861.0
42378048.0	42379923.0	42522911.0	42524786.0	144863.0
42379928.0	42380722.0	42524787.0	42525581.0	144859.0
42380723.0	42381812.0	42525583.0	42526672.0	144860.0
42381814.0	42382522.0	42526673.0	42527381.0	144859.0
42382523.0	42384106.0	42527383.0	42528966.0	144860.0
42384110.0	43838887.0	42528967.0	43983744.0	144857.0
46838888.0	47875837.0	45927266.0	46964215.0	-911622.0
47875839.0	48130499.0	46964216.0	47218876.0	-911623.0
48135600.0	48189966.0	47223008.0	47277374.0	-912592.0
48189967.0	48190700.0	47277380.0	47278113.0	-912587.0
48190702.0	48192997.0	47278114.0	47280409.0	-912588.0
48192999.0	48215048.0	47280410.0	47302459.0	-912589.0
48215049.0	48225584.0	47307557.0	47318092.0	-907492.0
48225586.0	48230682.0	47302460.0	47307556.0	-923126.0
48230688.0	48230784.0	47318098.0	47318194.0	-912590.0
48230785.0	48244575.0	47318196.0	47331986.0	-912589.0
48244576.0	48254920.0	47332010.0	47342354.0	-912566.0
48254922.0	48275790.0	47342355.0	47363223.0	-912567.0
48275792.0	48280948.0	47363224.0	47368380.0	-912568.0
48280949.0	48302275.0	47368385.0	47389711.0	-912564.0
48302277.0	48306295.0	47389712.0	47393730.0	-912565.0
48306296.0	48317883.0	47393736.0	47405323.0	-912560.0
48317886.0	48675250.0	47405324.0	47762688.0	-912562.0
48675251.0	48805816.0	47762690.0	47893255.0	-912561.0
48805817.0	49607565.0	47893257.0	48695005.0	-912560.0
49607566.0	50549805.0	48695007.0	49637246.0	-912559.0
50549807.0	56405914.0	49637247.0	55493354.0	-912560.0
56405915.0	64098729.0	55493356.0	63186170.0	-912559.0
64098730.0	64686468.0	63186172.0	63773910.0	-912558.0
64686469.0	65759925.0	63773912.0	64847368.0	-912557.0
65759926.0	65759926.0	64847530.0	64847530.0	-912396.0
65759927.0	77632682.0	64847692.0	76720447.0	-912235.0
77632684.0	78631694.0	76720448.0	77719458.0	-912236.0
78631695.0	86126830.0	77719460.0	85214595.0	-912235.0
86126831.0	86576451.0	85214602.0	85664222.0	-912229.0
86726452.0	87526691.0	85714223.0	86514462.0	-1012229.0
87526692.0	89120511.0	86514464.0	88108283.0	-1012228.0
89120513.0	90641141.0	88108284.0	89628912.0	-1012229.0
90641142.0	94084736.0	89628914.0	93072508.0	-1012228.0
94084738.0	94249918.0	93072509.0	93237689.0	-1012229.0
94249919.0	109157697.0	93237691.0	108145469.0	-1012228.0
109157699.0	116412514.0	108145470.0	115400285.0	-1012229.0
116412515.0	116469546.0	115400287.0	115457318.0	-1012228.0
116469547.0	116701349.0	115457320.0	115689122.0	-1012227.0
116701350.0	116711836.0	115689124.0	115699610.0	-1012226.0
116711838.0	116730716.0	115699611.0	115718489.0	-1012227.0
116730717.0	116908287.0	115718491.0	115896061.0	-1012226.0
116908288.0	117188349.0	115896063.0	116176124.0	-1012225.0
117188350.0	117217402.0	116176127.0	116205179.0	-1012223.0
117217424.0	117225160.0	116205180.0	116212916.0	-1012244.0
117225161.0	117227956.0	116212919.0	116215714.0	-1012242.0
117227958.0	117228314.0	116215715.0	116216071.0	-1012243.0
117228317.0	117232106.0	116216072.0	116219861.0	-1012245.0
117232108.0	117234776.0	116219862.0	116222530.0	-1012246.0
117234777.0	117235096.0	116222541.0	116222860.0	-1012236.0
117235097.0	117237980.0	116222862.0	116225745.0	-1012235.0
117237983.0	117238336.0	116225746.0	116226099.0	-1012237.0
117238339.0	117241324.0	116226100.0	116229085.0	-1012239.0
117241326.0	117243333.0	116229086.0	116231093.0	-1012240.0
117243334.0	117244427.0	116231096.0	116232189.0	-1012238.0
117244428.0	117246962.0	116232191.0	116234725.0	-1012237.0
117246964.0	117256446.0	116234726.0	116244208.0	-1012238.0
117256447.0	117257551.0	116244210.0	116245314.0	-1012237.0
117257553.0	117257581.0	116245315.0	116245343.0	-1012238.0
117257583.0	117257613.0	116245344.0	116245374.0	-1012239.0
117257615.0	117261761.0	116245375.0	116249521.0	-1012240.0
117261762.0	117263238.0	116249523.0	116250999.0	-1012239.0
117263240.0	117263252.0	116251000.0	116251012.0	-1012240.0
117263254.0	117263277.0	116251013.0	116251036.0	-1012241.0
117263278.0	117263310.0	116251038.0	116251070.0	-1012240.0
117263314.0	117263317.0	116251071.0	116251074.0	-1012243.0
117263318.0	117264724.0	116251078.0	116252484.0	-1012240.0
117264725.0	117264727.0	116252486.0	116252488.0	-1012239.0
117264728.0	117264751.0	116252490.0	116252513.0	-1012238.0
117264752.0	117264775.0	116252515.0	116252538.0	-1012237.0
117264776.0	117264796.0	116252540.0	116252560.0	-1012236.0
117264797.0	117264816.0	116252562.0	116252581.0	-1012235.0
117264817.0	117265451.0	116252583.0	116253217.0	-1012234.0
117265452.0	117286567.0	116253219.0	116274334.0	-1012233.0
117286570.0	117291939.0	116274335.0	116279704.0	-1012235.0
117291940.0	117298169.0	116279706.0	116285935.0	-1012234.0
117298171.0	117298200.0	116285936.0	116285965.0	-1012235.0
117298202.0	117298251.0	116285966.0	116286015.0	-1012236.0
117298253.0	117299659.0	116286016.0	116287422.0	-1012237.0
117299660.0	117306059.0	116287425.0	116293824.0	-1012235.0
117306061.0	117306075.0	116293825.0	116293839.0	-1012236.0
117306077.0	117306115.0	116293840.0	116293878.0	-1012237.0
117306117.0	117589340.0	116293879.0	116577102.0	-1012238.0
117589342.0	120220778.0	116577103.0	119208539.0	-1012239.0
120220780.0	121004345.0	119208540.0	119992105.0	-1012240.0
121004346.0	121427087.0	119992107.0	120414848.0	-1012239.0
121427089.0	122847848.0	120414849.0	121835608.0	-1012240.0
122847849.0	123915209.0	121835610.0	122902970.0	-1012239.0
123915211.0	125045285.0	122902971.0	124033045.0	-1012240.0
125045287.0	125745730.0	124033046.0	124733489.0	-1012241.0
125745732.0	126568884.0	124733490.0	125556642.0	-1012242.0
126568887.0	127256186.0	125556643.0	126243942.0	-1012244.0
127256188.0	128353932.0	126243943.0	127341687.0	-1012245.0
128353934.0	128388800.0	127341688.0	127376554.0	-1012246.0
128388801.0	128727518.0	127376556.0	127715273.0	-1012245.0
128727520.0	132068782.0	127715274.0	131056536.0	-1012246.0
132068784.0	133581383.0	131056537.0	132569136.0	-1012247.0
133581385.0	133590223.0	132569137.0	132577975.0	-1012248.0
133590224.0	133603288.0	132577977.0	132591041.0	-1012247.0
133603289.0	133813177.0	132591043.0	132800931.0	-1012246.0
133813178.0	134091205.0	132800933.0	133078960.0	-1012245.0
134091206.0	134196085.0	133078962.0	133183841.0	-1012244.0
134196086.0	140309527.0	133183843.0	139297284.0	-1012243.0
140309529.0	140396450.0	139297285.0	139384206.0	-1012244.0
140396451.0	140881529.0	139384208.0	139869286.0	-1012243.0
140881531.0	140947931.0	139869287.0	139935687.0	-1012244.0
140947932.0	140948948.0	139935691.0	139936707.0	-1012241.0
140948992.0	140949030.0	139936708.0	139936746.0	-1012284.0
140949031.0	140949075.0	139936748.0	139936792.0	-1012283.0
140949077.0	140949118.0	139936793.0	139936834.0	-1012284.0
140949119.0	140949160.0	139936836.0	139936877.0	-1012283.0
140949162.0	140949246.0	139936878.0	139936962.0	-1012284.0
140949247.0	140957826.0	139936964.0	139945543.0	-1012283.0
140957827.0	140959098.0	139945550.0	139946821.0	-1012277.0
140959100.0	140960146.0	139946822.0	139947868.0	-1012278.0
140960147.0	140960171.0	139947870.0	139947894.0	-1012277.0
140960194.0	140960219.0	139947895.0	139947920.0	-1012299.0
140960232.0	140960559.0	139947921.0	139948248.0	-1012311.0
140960560.0	140965888.0	139948265.0	139953593.0	-1012295.0
140965892.0	140971228.0	139953594.0	139958930.0	-1012298.0
140971256.0	140971448.0	139958931.0	139959123.0	-1012325.0
140971557.0	140973039.0	139959124.0	139960606.0	-1012433.0
140973043.0	140973900.0	139962907.0	139963764.0	-1010136.0
140973901.0	140974368.0	139963778.0	139964245.0	-1010123.0
140974371.0	140975240.0	139964246.0	139965115.0	-1010125.0
140975242.0	140975838.0	139965116.0	139965712.0	-1010126.0
140975918.0	140978363.0	139965713.0	139968158.0	-1010205.0
140978365.0	140981969.0	139968159.0	139971763.0	-1010206.0
140981982.0	140982021.0	139971764.0	139971803.0	-1010218.0
140982022.0	140987905.0	139971808.0	139977691.0	-1010214.0
140987906.0	140989120.0	139977696.0	139978910.0	-1010210.0
140989121.0	140991019.0	139978912.0	139980810.0	-1010209.0
140991021.0	140997776.0	139980811.0	139987566.0	-1010210.0
140997777.0	140999529.0	139987569.0	139989321.0	-1010208.0
140999532.0	141001811.0	139989322.0	139991601.0	-1010210.0
141001813.0	141005193.0	139991602.0	139994982.0	-1010211.0
141005194.0	141006343.0	139994984.0	139996133.0	-1010210.0
141006345.0	141006393.0	139996134.0	139996182.0	-1010211.0
141006396.0	141007797.0	139996183.0	139997584.0	-1010213.0
141007798.0	141008030.0	139997675.0	139997907.0	-1010123.0
141008031.0	141011502.0	139997931.0	140001402.0	-1010100.0
141011503.0	141057819.0	140001406.0	140047722.0	-1010097.0
141057821.0	141087778.0	140047723.0	140077680.0	-1010098.0
141087780.0	142361765.0	140077681.0	141351666.0	-1010099.0
142361767.0	142723779.0	141351667.0	141713679.0	-1010100.0
142723795.0	142723869.0	141713680.0	141713754.0	-1010115.0
142723876.0	142723905.0	141713755.0	141713784.0	-1010121.0
142723930.0	142724070.0	141713785.0	141713925.0	-1010145.0
142724075.0	142724132.0	141713926.0	141713983.0	-1010149.0
142724136.0	142724179.0	141713984.0	141714027.0	-1010152.0
142724204.0	142725773.0	141714028.0	141715597.0	-1010176.0
142725775.0	142733801.0	141715598.0	141723624.0	-1010177.0
142733803.0	142736202.0	141723625.0	141726024.0	-1010178.0
142736223.0	142742666.0	141726025.0	141732468.0	-1010198.0
142742672.0	142743719.0	141732469.0	141733516.0	-1010203.0
142743720.0	142748122.0	141733518.0	141737920.0	-1010202.0
142819156.0	142819391.0	141737921.0	141738156.0	-1081235.0
142819518.0	143713474.0	141738157.0	142632113.0	-1081361.0
143713475.0	143715449.0	142632124.0	142634098.0	-1081351.0
143715450.0	143716579.0	142634100.0	142635229.0	-1081350.0
143716581.0	143718310.0	142635230.0	142636959.0	-1081351.0
143718313.0	143720774.0	142636960.0	142639421.0	-1081353.0
143720799.0	143721863.0	142639422.0	142640486.0	-1081377.0
143721866.0	143724549.0	142640487.0	142643170.0	-1081379.0
143724552.0	143726068.0	142643171.0	142644687.0	-1081381.0
143726072.0	143727075.0	142644688.0	142645691.0	-1081384.0
143727076.0	143727383.0	142645693.0	142646000.0	-1081383.0
143727385.0	143732939.0	142646001.0	142651555.0	-1081384.0
143732940.0	143733953.0	142651561.0	142652574.0	-1081379.0
143733959.0	143736023.0	142652575.0	142654639.0	-1081384.0
143736026.0	143736302.0	142654640.0	142654916.0	-1081386.0
143736306.0	143737000.0	142654917.0	142655611.0	-1081389.0
143737003.0	143737860.0	142655612.0	142656469.0	-1081391.0
143737864.0	143737868.0	142656470.0	142656474.0	-1081394.0
143737888.0	143738191.0	142656475.0	142656778.0	-1081413.0
143738193.0	143739805.0	142656779.0	142658391.0	-1081414.0
143739806.0	143743881.0	142658394.0	142662469.0	-1081412.0
143743883.0	143744422.0	142662470.0	142663009.0	-1081413.0
143744427.0	143746087.0	142663010.0	142664670.0	-1081417.0
143746090.0	143748626.0	142664671.0	142667207.0	-1081419.0
143748627.0	143857443.0	142667209.0	142776025.0	-1081418.0
143857444.0	144028616.0	142776028.0	142947200.0	-1081416.0
144028618.0	144275457.0	142947201.0	143194040.0	-1081417.0
144275494.0	144276440.0	143194041.0	143194987.0	-1081453.0
144276450.0	144281296.0	143194988.0	143199834.0	-1081462.0
144281297.0	144286206.0	143199836.0	143204745.0	-1081461.0
144286207.0	144292829.0	143204803.0	143211425.0	-1081404.0
144292836.0	144292858.0	143211431.0	143211453.0	-1081405.0
144293091.0	144293100.0	143211641.0	143211650.0	-1081450.0
144293101.0	144293133.0	143211652.0	143211684.0	-1081449.0
144293134.0	144293163.0	143211686.0	143211715.0	-1081448.0
144293368.0	144293372.0	143211426.0	143211430.0	-1081942.0
144293397.0	144293583.0	143211454.0	143211640.0	-1081943.0
144293591.0	144298159.0	143211716.0	143216284.0	-1081875.0
144298160.0	144299915.0	143216286.0	143218041.0	-1081874.0
144299937.0	144299977.0	143218042.0	143218082.0	-1081895.0
144300021.0	144300182.0	143218083.0	143218244.0	-1081938.0
144300197.0	144300229.0	143218246.0	143218278.0	-1081951.0
144300244.0	144300300.0	143218280.0	143218336.0	-1081964.0
144300303.0	144300312.0	143218338.0	143218347.0	-1081965.0
144300417.0	144300417.0	143218245.0	143218245.0	-1082172.0
144300451.0	144300451.0	143218279.0	143218279.0	-1082172.0
144300528.0	144300528.0	143218337.0	143218337.0	-1082191.0
144300540.0	144301077.0	143218348.0	143218885.0	-1082192.0
144301078.0	144918868.0	143218908.0	143836698.0	-1082170.0
144918871.0	144936224.0	143836699.0	143854052.0	-1082172.0
144936226.0	144940069.0	143854053.0	143857896.0	-1082173.0
144940070.0	144940217.0	143857898.0	143858045.0	-1082172.0
144940218.0	145091981.0	143866050.0	144017813.0	-1074168.0
145091982.0	145106942.0	144037081.0	144052041.0	-1054901.0
145106945.0	145328279.0	144052042.0	144273376.0	-1054903.0
145497365.0	145501800.0	144273377.0	144277812.0	-1223988.0
145501846.0	145504908.0	144277813.0	144280875.0	-1224033.0
145504909.0	145505241.0	144281086.0	144281418.0	-1223823.0
145505242.0	145505348.0	144281449.0	144281555.0	-1223793.0
145505349.0	145505677.0	144281586.0	144281914.0	-1223763.0
145505679.0	145506989.0	144281915.0	144283225.0	-1223764.0
145506992.0	145510254.0	144283226.0	144286488.0	-1223766.0
145510255.0	145512148.0	144286554.0	144288447.0	-1223701.0
145512149.0	145514033.0	144288468.0	144290352.0	-1223681.0
145514035.0	145523134.0	144290353.0	144299452.0	-1223682.0
145523136.0	145528645.0	144299453.0	144304962.0	-1223683.0
145528647.0	145529434.0	144304963.0	144305750.0	-1223684.0
145529437.0	145537347.0	144305751.0	144313661.0	-1223686.0
145537348.0	145537358.0	144313673.0	144313683.0	-1223675.0
145537359.0	145537407.0	144313689.0	144313737.0	-1223670.0
145537408.0	145537450.0	144313748.0	144313790.0	-1223660.0
145537454.0	145556063.0	144313791.0	144332400.0	-1223663.0
145556064.0	145564431.0	144332402.0	144340769.0	-1223662.0
145564434.0	145564593.0	144340770.0	144340929.0	-1223664.0
145564594.0	145569601.0	144340932.0	144345939.0	-1223662.0
145569603.0	145569929.0	144345940.0	144346266.0	-1223663.0
145569931.0	145570219.0	144346267.0	144346555.0	-1223664.0
145570221.0	145570500.0	144346556.0	144346835.0	-1223665.0
145570501.0	145571439.0	144346849.0	144347787.0	-1223652.0
145571452.0	145571601.0	144347788.0	144347937.0	-1223664.0
145571603.0	145575572.0	144347938.0	144351907.0	-1223665.0
145575573.0	145575978.0	144351914.0	144352319.0	-1223659.0
145575980.0	145589762.0	144352320.0	144366102.0	-1223660.0
145589764.0	145591267.0	144366103.0	144367606.0	-1223661.0
145591268.0	145593112.0	144367609.0	144369453.0	-1223659.0
145593125.0	145593758.0	144369454.0	144370087.0	-1223671.0
145593759.0	145594796.0	144370089.0	144371126.0	-1223670.0
145594797.0	145596555.0	144371130.0	144372888.0	-1223667.0
145596578.0	145606028.0	144372889.0	144382339.0	-1223689.0
145607541.0	145609110.0	144382340.0	144383909.0	-1225201.0
145609111.0	145617550.0	144383911.0	144392350.0	-1225200.0
145617566.0	145623507.0	144392351.0	144398292.0	-1225215.0
145623525.0	145623556.0	144398295.0	144398326.0	-1225230.0
145623684.0	145623685.0	144398293.0	144398294.0	-1225391.0
145623717.0	145625538.0	144398327.0	144400148.0	-1225390.0
145625543.0	145627557.0	144400149.0	144402163.0	-1225394.0
145627559.0	145628507.0	144402164.0	144403112.0	-1225395.0
145628508.0	145629111.0	144403115.0	144403718.0	-1225393.0
145629113.0	145630471.0	144403719.0	144405077.0	-1225394.0
145630472.0	145631566.0	144405079.0	144406173.0	-1225393.0
145631567.0	145632782.0	144406176.0	144407391.0	-1225391.0
145632783.0	145645918.0	144407399.0	144420534.0	-1225384.0
145645920.0	145646923.0	144420535.0	144421538.0	-1225385.0
145646924.0	145647116.0	144421540.0	144421732.0	-1225384.0
145647117.0	145738767.0	144421734.0	144513384.0	-1225383.0
145738769.0	145830894.0	144513385.0	144605510.0	-1225384.0
145830896.0	146146478.0	144605511.0	144921093.0	-1225385.0
146146480.0	146304022.0	144921094.0	145078636.0	-1225386.0
