10001.0	12712751.0	10001.0	12712751.0	0.0
12712752.0	14406582.0	12712753.0	14406583.0	1.0
14406583.0	20537026.0	14406585.0	20537028.0	2.0
20537028.0	23184803.0	20537029.0	23184804.0	1.0
23184804.0	34601396.0	23184806.0	34601398.0	2.0
34601397.0	39429102.0	34601400.0	39429105.0	3.0
39430586.0	39435159.0	39430589.0	39435162.0	3.0
39437525.0	39438881.0	39437527.0	39438883.0	2.0
39439580.0	39449846.0	39439581.0	39449847.0	1.0
39964403.0	39966766.0	39435163.0	39437526.0	-529240.0
39968123.0	39968819.0	39438884.0	39439580.0	-529239.0
41255655.0	41257137.0	39429106.0	39430588.0	-1826549.0
41594866.0	42613955.0	39449848.0	40468937.0	-2145018.0
42663956.0	42664833.0	41181320.0	41182197.0	-1482636.0
42664837.0	42665476.0	41180680.0	41181319.0	-1484157.0
42665477.0	42665870.0	41180282.0	41180675.0	-1485195.0
42665875.0	42665987.0	41180169.0	41180281.0	-1485706.0
42665991.0	42666721.0	41179438.0	41180168.0	-1486553.0
42666722.0	42667232.0	41178906.0	41179416.0	-1487816.0
42667236.0	42668426.0	41177715.0	41178905.0	-1489521.0
42668427.0	42668888.0	41177252.0	41177713.0	-1491175.0
42668890.0	42669085.0	41177056.0	41177251.0	-1491834.0
42669155.0	42669168.0	41177042.0	41177055.0	-1492113.0
42669191.0	42669256.0	41176976.0	41177041.0	-1492215.0
42669260.0	42669373.0	41176862.0	41176975.0	-1492398.0
42669378.0	42671997.0	41174242.0	41176861.0	-1495136.0
42672001.0	42672282.0	41173960.0	41174241.0	-1498041.0
42672283.0	42672514.0	41173727.0	41173958.0	-1498556.0
42672515.0	42674489.0	41171751.0	41173725.0	-1500764.0
42674496.0	42674809.0	41171437.0	41171750.0	-1503059.0
42674812.0	42676471.0	41169777.0	41171436.0	-1505035.0
42676487.0	42677832.0	41168431.0	41169776.0	-1508056.0
42677836.0	42678313.0	41167953.0	41168430.0	-1509883.0
42678314.0	42679807.0	41166458.0	41167951.0	-1511856.0
42679808.0	42680017.0	41166236.0	41166445.0	-1513572.0
42680023.0	42681269.0	41164989.0	41166235.0	-1515034.0
42681272.0	42681675.0	41164585.0	41164988.0	-1516687.0
42681679.0	42682100.0	41164163.0	41164584.0	-1517516.0
42682104.0	42682143.0	41164123.0	41164162.0	-1517981.0
42682146.0	42682720.0	41163548.0	41164122.0	-1518598.0
42682721.0	42684532.0	41161735.0	41163546.0	-1520986.0
42684536.0	42684720.0	41161550.0	41161734.0	-1522986.0
42684722.0	42684839.0	41161432.0	41161549.0	-1523290.0
42684841.0	42685655.0	41160617.0	41161431.0	-1524224.0
42685656.0	42685839.0	41160432.0	41160615.0	-1525224.0
42685840.0	42687382.0	41158887.0	41160429.0	-1526953.0
42687383.0	42687914.0	41158354.0	41158885.0	-1529029.0
42687915.0	42688052.0	41158210.0	41158347.0	-1529705.0
42688053.0	42690255.0	41156006.0	41158208.0	-1532047.0
42690257.0	42690285.0	41155977.0	41156005.0	-1534280.0
42690292.0	42690741.0	41155527.0	41155976.0	-1534765.0
42690765.0	42691533.0	41154758.0	41155526.0	-1536007.0
42691535.0	42692071.0	41154221.0	41154757.0	-1537314.0
42692072.0	42695607.0	41150683.0	41154218.0	-1541389.0
42695621.0	42695623.0	41150680.0	41150682.0	-1544941.0
42695624.0	42695626.0	41150675.0	41150677.0	-1544949.0
42695630.0	42696136.0	41150168.0	41150674.0	-1545462.0
42696137.0	42697076.0	41149227.0	41150166.0	-1546910.0
42697081.0	42697241.0	41149066.0	41149226.0	-1548015.0
42697242.0	42697592.0	41148713.0	41149063.0	-1548529.0
42697593.0	42698442.0	41147858.0	41148707.0	-1549735.0
42698443.0	42698604.0	41147695.0	41147856.0	-1550748.0
42698605.0	42699808.0	41146490.0	41147693.0	-1552115.0
42699809.0	42699871.0	41146426.0	41146488.0	-1553383.0
42699872.0	42699947.0	41146349.0	41146424.0	-1553523.0
42699949.0	42700180.0	41146117.0	41146348.0	-1553832.0
42700182.0	42700269.0	41146029.0	41146116.0	-1554153.0
42700270.0	42700762.0	41145535.0	41146027.0	-1554735.0
42700763.0	42700900.0	41145396.0	41145533.0	-1555367.0
42700901.0	42701892.0	41144401.0	41145392.0	-1556500.0
42701897.0	42703002.0	41143295.0	41144400.0	-1558602.0
42703003.0	42703374.0	41142922.0	41143293.0	-1560081.0
42703380.0	42703619.0	41142682.0	41142921.0	-1560698.0
42703620.0	42705155.0	41141140.0	41142675.0	-1562480.0
42705171.0	42705235.0	41141075.0	41141139.0	-1564096.0
42705236.0	42705690.0	41140618.0	41141072.0	-1564618.0
42705691.0	42705738.0	41140568.0	41140615.0	-1565123.0
42705739.0	42705960.0	41140345.0	41140566.0	-1565394.0
42705965.0	42706512.0	41139797.0	41140344.0	-1566168.0
42706513.0	42707407.0	41138901.0	41139795.0	-1567612.0
42707408.0	42707409.0	41138898.0	41138899.0	-1568510.0
42707410.0	42708260.0	41138044.0	41138894.0	-1569366.0
42708262.0	42708592.0	41137713.0	41138043.0	-1570549.0
42708594.0	42709438.0	41136868.0	41137712.0	-1571726.0
42709439.0	42709778.0	41136525.0	41136864.0	-1572914.0
42709779.0	42709819.0	41136479.0	41136519.0	-1573300.0
42709822.0	42710401.0	41135899.0	41136478.0	-1573923.0
42710402.0	42712389.0	41133901.0	41135888.0	-1576501.0
42712391.0	42712472.0	41133819.0	41133900.0	-1578572.0
42712474.0	42713432.0	41132860.0	41133818.0	-1579614.0
42713433.0	42713704.0	41132567.0	41132838.0	-1580866.0
42713705.0	42715221.0	41131049.0	41132565.0	-1582656.0
42715222.0	42715441.0	41130827.0	41131046.0	-1584395.0
42715445.0	42715904.0	41130367.0	41130826.0	-1585078.0
42715906.0	42716022.0	41130250.0	41130366.0	-1585656.0
42716026.0	42716385.0	41129890.0	41130249.0	-1586136.0
42716386.0	42716406.0	41129868.0	41129888.0	-1586518.0
42716414.0	42716477.0	41129804.0	41129867.0	-1586610.0
42716585.0	42716590.0	41129672.0	41129677.0	-1586913.0
42716646.0	42716742.0	41129707.0	41129803.0	-1586939.0
42716743.0	42716766.0	41129678.0	41129701.0	-1587065.0
42716779.0	42717757.0	41128693.0	41129671.0	-1588086.0
42717758.0	42719235.0	41127214.0	41128691.0	-1590544.0
42719236.0	42719552.0	41126894.0	41127210.0	-1592342.0
42719557.0	42719581.0	41126869.0	41126893.0	-1592688.0
42719594.0	42719594.0	41126868.0	41126868.0	-1592726.0
42719595.0	42719704.0	41126756.0	41126865.0	-1592839.0
42720603.0	42720806.0	43304413.0	43304616.0	583810.0
42720812.0	42720947.0	43304277.0	43304412.0	583465.0
42720948.0	42721163.0	40673917.0	40674132.0	-2047031.0
42721165.0	42721202.0	40673879.0	40673916.0	-2047286.0
42721203.0	42721480.0	40673598.0	40673875.0	-2047605.0
42721481.0	42721523.0	40673553.0	40673595.0	-2047928.0
42721525.0	42721550.0	40673527.0	40673552.0	-2047998.0
42721551.0	42721765.0	40673311.0	40673525.0	-2048240.0
42721767.0	42721768.0	40673309.0	40673310.0	-2048458.0
42721769.0	42721825.0	40673251.0	40673307.0	-2048518.0
42721826.0	42722138.0	40672937.0	40673249.0	-2048889.0
42722139.0	42722387.0	40672686.0	40672934.0	-2049453.0
42722393.0	42722889.0	40672189.0	40672685.0	-2050204.0
42722890.0	42723360.0	40671717.0	40672187.0	-2051173.0
42723361.0	42724936.0	40670135.0	40671710.0	-2053226.0
42724937.0	42725602.0	40669468.0	40670133.0	-2055469.0
42725603.0	42725947.0	43299367.0	43299711.0	573764.0
42725948.0	42726284.0	40668786.0	40669122.0	-2057162.0
42726287.0	42726813.0	40668259.0	40668785.0	-2058028.0
42726816.0	42727415.0	40667659.0	40668258.0	-2059157.0
42727416.0	42732398.0	40662674.0	40667656.0	-2064742.0
42732401.0	42733080.0	40661994.0	40662673.0	-2070407.0
42733081.0	42733149.0	40661916.0	40661984.0	-2071165.0
42733150.0	42733200.0	40661857.0	40661907.0	-2071293.0
42733205.0	42733221.0	40661840.0	40661856.0	-2071365.0
42733232.0	42733554.0	40661517.0	40661839.0	-2071715.0
42733560.0	42733718.0	40661358.0	40661516.0	-2072202.0
42733719.0	42733895.0	40661180.0	40661356.0	-2072539.0
42733896.0	42737689.0	40657385.0	40661178.0	-2076511.0
42737691.0	42739224.0	40655851.0	40657384.0	-2081840.0
42739225.0	42739660.0	43285625.0	43286060.0	546400.0
42739661.0	42739672.0	43285605.0	43285616.0	545944.0
42739673.0	42740300.0	43284974.0	43285601.0	545301.0
42740301.0	42740437.0	43284833.0	43284969.0	544532.0
42740439.0	42740894.0	43284377.0	43284832.0	543938.0
42740895.0	42741181.0	43284083.0	43284369.0	543188.0
42741183.0	42741386.0	43283879.0	43284082.0	542696.0
42741387.0	42742293.0	43282968.0	43283874.0	541581.0
42742295.0	42742305.0	43282957.0	43282967.0	540662.0
42742306.0	42742435.0	40652641.0	40652770.0	-2089665.0
42742436.0	42743283.0	40651789.0	40652636.0	-2090647.0
42743284.0	42743329.0	40650568.0	40650613.0	-2092716.0
42743331.0	42743341.0	40650557.0	40650567.0	-2092774.0
42743342.0	42743361.0	40650536.0	40650555.0	-2092806.0
42743370.0	42743382.0	40650523.0	40650535.0	-2092847.0
42743383.0	42743425.0	40650477.0	40650519.0	-2092906.0
42743426.0	42743461.0	40650439.0	40650474.0	-2092987.0
42743469.0	42743486.0	40650421.0	40650438.0	-2093048.0
42743502.0	42743508.0	40650414.0	40650420.0	-2093088.0
42743524.0	42743541.0	40650396.0	40650413.0	-2093128.0
42743545.0	42743548.0	40650392.0	40650395.0	-2093153.0
42743549.0	42743558.0	40650368.0	40650377.0	-2093181.0
42743575.0	42743584.0	40650358.0	40650367.0	-2093217.0
42743591.0	42743597.0	40650351.0	40650357.0	-2093240.0
42743601.0	42743613.0	40650338.0	40650350.0	-2093263.0
42743639.0	42743659.0	40650317.0	40650337.0	-2093322.0
42743666.0	42743670.0	40650312.0	40650316.0	-2093354.0
42743672.0	42743703.0	40650280.0	40650311.0	-2093392.0
42743709.0	42743715.0	40650273.0	40650279.0	-2093436.0
42743716.0	42743722.0	40650256.0	40650262.0	-2093460.0
42743723.0	42743747.0	40650228.0	40650252.0	-2093495.0
42743748.0	42743750.0	40650224.0	40650226.0	-2093524.0
42743751.0	42743752.0	40650213.0	40650214.0	-2093538.0
42743753.0	42744073.0	40649885.0	40650205.0	-2093868.0
42744074.0	42744098.0	40649814.0	40649838.0	-2094260.0
42744099.0	42744479.0	40649371.0	40649751.0	-2094728.0
42744481.0	42744854.0	40648997.0	40649370.0	-2095484.0
42744855.0	42746768.0	40647074.0	40648987.0	-2097781.0
42746783.0	42748005.0	40645851.0	40647073.0	-2100932.0
42748007.0	42748286.0	40645571.0	40645850.0	-2102436.0
42748287.0	42748421.0	40645432.0	40645566.0	-2102855.0
42748422.0	42752723.0	40641121.0	40645422.0	-2107301.0
42752725.0	42753131.0	40640714.0	40641120.0	-2112011.0
42753133.0	42753406.0	40640440.0	40640713.0	-2112693.0
42753411.0	42754850.0	40639000.0	40640439.0	-2114411.0
42754852.0	42755259.0	40638592.0	40638999.0	-2116260.0
42755263.0	42757107.0	40636747.0	40638591.0	-2118516.0
42757108.0	42757500.0	40636348.0	40636740.0	-2120760.0
42757501.0	42760202.0	40633644.0	40636345.0	-2123857.0
42760207.0	42760550.0	40633300.0	40633643.0	-2126907.0
42760551.0	42760814.0	40633034.0	40633297.0	-2127517.0
42760815.0	42762926.0	40630921.0	40633032.0	-2129894.0
42762927.0	42764287.0	40629558.0	40630918.0	-2133369.0
42764293.0	42764478.0	40629372.0	40629557.0	-2134921.0
42764479.0	42764963.0	40628886.0	40629370.0	-2135593.0
42764974.0	42765052.0	40628807.0	40628885.0	-2136167.0
42765054.0	42765356.0	40628504.0	40628806.0	-2136550.0
42765358.0	42765528.0	40628333.0	40628503.0	-2137025.0
42765530.0	42766217.0	40627645.0	40628332.0	-2137885.0
42766221.0	42767237.0	40626628.0	40627644.0	-2139593.0
42767238.0	42767355.0	40626505.0	40626622.0	-2140733.0
42767356.0	42768815.0	40625044.0	40626503.0	-2142312.0
42768817.0	42769442.0	40624418.0	40625043.0	-2144399.0
42769445.0	42769597.0	40624265.0	40624417.0	-2145180.0
42769598.0	42769686.0	40624175.0	40624263.0	-2145423.0
42769687.0	42770005.0	40623850.0	40624168.0	-2145837.0
42770014.0	42773494.0	40620369.0	40623849.0	-2149645.0
42773499.0	42774194.0	40619673.0	40620368.0	-2153826.0
42774195.0	42775503.0	40618360.0	40619668.0	-2155835.0
42775504.0	42775860.0	40617998.0	40618354.0	-2157506.0
42775879.0	42777456.0	40616420.0	40617997.0	-2159459.0
42777457.0	42777469.0	40616405.0	40616417.0	-2161052.0
42777475.0	42777625.0	40616254.0	40616404.0	-2161221.0
42777626.0	42778679.0	40615195.0	40616248.0	-2162431.0
42778680.0	42779062.0	40614788.0	40615170.0	-2163892.0
42779075.0	42780020.0	40613842.0	40614787.0	-2165233.0
42780039.0	42780093.0	40613787.0	40613841.0	-2166252.0
42780094.0	42780103.0	40613773.0	40613782.0	-2166321.0
42780108.0	42780136.0	40613744.0	40613772.0	-2166364.0
42780137.0	42780143.0	40613734.0	40613740.0	-2166403.0
42780144.0	42780663.0	40613204.0	40613723.0	-2166940.0
42780664.0	42781689.0	40612175.0	40613200.0	-2168489.0
42781692.0	42783759.0	40610107.0	40612174.0	-2171585.0
42783761.0	42783816.0	40610051.0	40610106.0	-2173710.0
42783818.0	42787780.0	40606088.0	40610050.0	-2177730.0
42787782.0	42789442.0	40604427.0	40606087.0	-2183355.0
42789447.0	42790716.0	40603157.0	40604426.0	-2186290.0
42790717.0	42790985.0	40602882.0	40603150.0	-2187835.0
42790986.0	42791332.0	40602532.0	40602878.0	-2188454.0
42791335.0	42791503.0	40602363.0	40602531.0	-2188972.0
42791504.0	42791831.0	40602030.0	40602357.0	-2189474.0
42791832.0	42791854.0	40602002.0	40602024.0	-2189830.0
42791858.0	42791897.0	40601962.0	40602001.0	-2189896.0
42791898.0	42792062.0	40601792.0	40601956.0	-2190106.0
42792066.0	42792232.0	40601625.0	40601791.0	-2190441.0
42792236.0	42792419.0	40601441.0	40601624.0	-2190795.0
42792425.0	42792503.0	40601362.0	40601440.0	-2191063.0
42792509.0	42792586.0	40601284.0	40601361.0	-2191225.0
42792592.0	42793049.0	40600826.0	40601283.0	-2191766.0
42793055.0	42793173.0	40600707.0	40600825.0	-2192348.0
42793174.0	42793287.0	40600585.0	40600698.0	-2192589.0
42793288.0	42793486.0	40600383.0	40600581.0	-2192905.0
42793487.0	42793573.0	40600292.0	40600378.0	-2193195.0
42793574.0	42793722.0	40600140.0	40600288.0	-2193434.0
42793736.0	42793777.0	40600098.0	40600139.0	-2193638.0
42793782.0	42793839.0	40600040.0	40600097.0	-2193742.0
42793840.0	42793886.0	40599988.0	40600034.0	-2193852.0
42793887.0	42793940.0	40599931.0	40599984.0	-2193956.0
42793941.0	42794034.0	40599834.0	40599927.0	-2194107.0
42794035.0	42794113.0	40599752.0	40599830.0	-2194283.0
42794114.0	42794642.0	40599220.0	40599748.0	-2194894.0
42794645.0	42794733.0	40599131.0	40599219.0	-2195514.0
42794734.0	42794800.0	40599059.0	40599125.0	-2195675.0
42794801.0	42795025.0	40598824.0	40599048.0	-2195977.0
42795029.0	42795207.0	40598645.0	40598823.0	-2196384.0
42795208.0	42795217.0	40598632.0	40598641.0	-2196576.0
42795218.0	42795227.0	40598620.0	40598629.0	-2196598.0
42795228.0	42795258.0	40598588.0	40598618.0	-2196640.0
42795264.0	42795267.0	40598584.0	40598587.0	-2196680.0
42795281.0	42795321.0	40598543.0	40598583.0	-2196738.0
42795322.0	42795357.0	40598504.0	40598539.0	-2196818.0
42795358.0	42795359.0	40598498.0	40598499.0	-2196860.0
42795365.0	42795384.0	40598478.0	40598497.0	-2196887.0
42795385.0	42795389.0	40598471.0	40598475.0	-2196914.0
42795392.0	42795399.0	40598463.0	40598470.0	-2196929.0
42795400.0	42795425.0	40598430.0	40598455.0	-2196970.0
42795426.0	42795446.0	40598401.0	40598421.0	-2197025.0
42795451.0	42795461.0	40598390.0	40598400.0	-2197061.0
42795464.0	42795477.0	40598376.0	40598389.0	-2197088.0
42795478.0	42795483.0	40598364.0	40598369.0	-2197114.0
42795484.0	42795499.0	40598332.0	40598347.0	-2197152.0
42795500.0	42795505.0	40598325.0	40598330.0	-2197175.0
42795506.0	42795529.0	40598285.0	40598308.0	-2197221.0
42795531.0	42795538.0	40598277.0	40598284.0	-2197254.0
42795541.0	42795550.0	40598267.0	40598276.0	-2197274.0
42795553.0	42795554.0	40598265.0	40598266.0	-2197288.0
42795555.0	42795579.0	40598237.0	40598261.0	-2197318.0
42795580.0	42795581.0	40598229.0	40598230.0	-2197351.0
42795584.0	42795611.0	40598201.0	40598228.0	-2197383.0
42795612.0	42795616.0	40598195.0	40598199.0	-2197417.0
42795617.0	42795645.0	40598161.0	40598189.0	-2197456.0
42795659.0	42795668.0	40598151.0	40598160.0	-2197508.0
42795670.0	42795676.0	40598144.0	40598150.0	-2197526.0
42795677.0	42795706.0	40598112.0	40598141.0	-2197565.0
42795712.0	42795726.0	40598097.0	40598111.0	-2197615.0
42795730.0	42795741.0	40598085.0	40598096.0	-2197645.0
42795742.0	42795760.0	40598064.0	40598082.0	-2197678.0
42795761.0	42795775.0	40598013.0	40598027.0	-2197748.0
42795777.0	42795803.0	40597986.0	40598012.0	-2197791.0
42795804.0	42795924.0	40594598.0	40594718.0	-2201206.0
42795925.0	42796249.0	40594270.0	40594594.0	-2201655.0
42796258.0	42797675.0	40592852.0	40594269.0	-2203406.0
42797676.0	42800287.0	40590208.0	40592819.0	-2207468.0
42800288.0	42805052.0	40585437.0	40590201.0	-2214851.0
42805053.0	42805428.0	40585058.0	40585433.0	-2219995.0
42805430.0	42805569.0	40584918.0	40585057.0	-2220512.0
42805575.0	42805588.0	40584904.0	40584917.0	-2220671.0
42805589.0	42805726.0	40584765.0	40584902.0	-2220824.0
42805727.0	42806064.0	40584425.0	40584762.0	-2221302.0
42806070.0	42806138.0	40584356.0	40584424.0	-2221714.0
42806142.0	42806156.0	40584341.0	40584355.0	-2221801.0
42806168.0	42806206.0	40584302.0	40584340.0	-2221866.0
42806207.0	42806259.0	40584241.0	40584293.0	-2221966.0
42806260.0	42806361.0	40584129.0	40584230.0	-2222131.0
42806362.0	42808262.0	40575878.0	40577778.0	-2230484.0
42808263.0	42810062.0	40574077.0	40575876.0	-2234186.0
42810063.0	42810499.0	40573636.0	40574072.0	-2236427.0
42810510.0	42813107.0	40571038.0	40573635.0	-2239472.0
42813113.0	42813493.0	40570657.0	40571037.0	-2242456.0
42813494.0	42814744.0	40569398.0	40570648.0	-2244096.0
42814745.0	42816396.0	40567740.0	40569391.0	-2247005.0
42816398.0	42817110.0	40567027.0	40567739.0	-2249371.0
42817111.0	42818317.0	40565814.0	40567020.0	-2251297.0
42818318.0	42818641.0	40565487.0	40565810.0	-2252831.0
42818642.0	42818883.0	40565244.0	40565485.0	-2253398.0
42818885.0	42819211.0	40564917.0	40565243.0	-2253968.0
42819212.0	42819214.0	40564904.0	40564906.0	-2254308.0
42819225.0	42819262.0	40564866.0	40564903.0	-2254359.0
42819263.0	42819285.0	40564842.0	40564864.0	-2254421.0
42819286.0	42819312.0	40564814.0	40564840.0	-2254472.0
42819317.0	42819319.0	40564811.0	40564813.0	-2254506.0
42819320.0	42819405.0	40564721.0	40564806.0	-2254599.0
42819423.0	42819424.0	40564719.0	40564720.0	-2254704.0
42819425.0	42819428.0	40564713.0	40564716.0	-2254712.0
42819429.0	42819551.0	40564587.0	40564709.0	-2254842.0
42819553.0	42819734.0	40564405.0	40564586.0	-2255148.0
42821617.0	42821628.0	40535424.0	40535435.0	-2286193.0
42821629.0	42821694.0	40535357.0	40535422.0	-2286272.0
42821695.0	42821697.0	40535337.0	40535339.0	-2286358.0
42821698.0	42821752.0	40535277.0	40535331.0	-2286421.0
42821753.0	42821761.0	40535248.0	40535256.0	-2286505.0
42821762.0	42821951.0	40535050.0	40535239.0	-2286712.0
42821954.0	42822066.0	40534937.0	40535049.0	-2287017.0
42822067.0	42822069.0	40534932.0	40534934.0	-2287135.0
42822072.0	42822092.0	40534911.0	40534931.0	-2287161.0
42822093.0	42822097.0	40534898.0	40534902.0	-2287195.0
42822110.0	42822110.0	40534897.0	40534897.0	-2287213.0
42822111.0	42822345.0	40534658.0	40534892.0	-2287453.0
42822350.0	42822364.0	40534643.0	40534657.0	-2287707.0
42822365.0	42822526.0	40534480.0	40534641.0	-2287885.0
42822528.0	42822636.0	40534371.0	40534479.0	-2288157.0
42822637.0	42822839.0	43162439.0	43162641.0	339802.0
42822844.0	42822846.0	43162436.0	43162438.0	339592.0
42822847.0	42822976.0	43162301.0	43162430.0	339454.0
42822979.0	42822980.0	43162299.0	43162300.0	339320.0
42822981.0	42823135.0	43162142.0	43162296.0	339161.0
42823136.0	42823138.0	43162136.0	43162138.0	339000.0
42823142.0	42823150.0	43162127.0	43162135.0	338985.0
42823151.0	42823158.0	43162117.0	43162124.0	338966.0
42823159.0	42823160.0	43162111.0	43162112.0	338952.0
42823165.0	42823178.0	43162097.0	43162110.0	338932.0
42823180.0	42823324.0	43161952.0	43162096.0	338772.0
42823325.0	42823327.0	43161941.0	43161943.0	338616.0
42823336.0	42823553.0	43161723.0	43161940.0	338387.0
42823554.0	42823557.0	43161718.0	43161721.0	338164.0
42823559.0	42823696.0	43161580.0	43161717.0	338021.0
42823698.0	42823720.0	43161557.0	43161579.0	337859.0
42823721.0	42823842.0	43161434.0	43161555.0	337713.0
42823848.0	42823849.0	43161432.0	43161433.0	337584.0
42823850.0	42824171.0	43161105.0	43161426.0	337255.0
42824175.0	42824177.0	43161102.0	43161104.0	336927.0
42824178.0	42824184.0	43161092.0	43161098.0	336914.0
42824186.0	42824662.0	43160615.0	43161091.0	336429.0
42824669.0	42824669.0	43160614.0	43160614.0	335945.0
42824670.0	42824766.0	43160511.0	43160607.0	335841.0
42824768.0	42824809.0	43160469.0	43160510.0	335701.0
42824810.0	42824820.0	43160457.0	43160467.0	335647.0
42824821.0	42824825.0	43160450.0	43160454.0	335629.0
42824828.0	42824882.0	43160395.0	43160449.0	335567.0
42824883.0	42824888.0	43160388.0	43160393.0	335505.0
42824890.0	42824949.0	43160328.0	43160387.0	335438.0
42824950.0	42825159.0	43160117.0	43160326.0	335167.0
42825160.0	42825160.0	43160112.0	43160112.0	334952.0
42825165.0	42825458.0	43159818.0	43160111.0	334653.0
42825459.0	42825566.0	43159709.0	43159816.0	334250.0
42825568.0	42825946.0	43159330.0	43159708.0	333762.0
42825948.0	42826575.0	43158702.0	43159329.0	332754.0
42826576.0	42826576.0	43158697.0	43158697.0	332121.0
42826581.0	42826616.0	43158661.0	43158696.0	332080.0
42826617.0	42826702.0	40530287.0	40530372.0	-2296330.0
42826704.0	42826743.0	40530247.0	40530286.0	-2296457.0
42826745.0	42826763.0	40530228.0	40530246.0	-2296517.0
42826765.0	42826904.0	40530088.0	40530227.0	-2296677.0
42826905.0	42826912.0	40530077.0	40530084.0	-2296828.0
42826914.0	42826916.0	40530074.0	40530076.0	-2296840.0
42826917.0	42827055.0	40529934.0	40530072.0	-2296983.0
42827056.0	42827058.0	40529924.0	40529926.0	-2297132.0
42827067.0	42827288.0	40529702.0	40529923.0	-2297365.0
42827294.0	42827295.0	40529700.0	40529701.0	-2297594.0
42827296.0	42827334.0	40529656.0	40529694.0	-2297640.0
42827335.0	42827338.0	40529650.0	40529653.0	-2297685.0
42827341.0	42827488.0	40529502.0	40529649.0	-2297839.0
42827489.0	42827636.0	40529318.0	40529465.0	-2298171.0
42827637.0	42827700.0	43157576.0	43157639.0	329939.0
42827701.0	42827708.0	43157565.0	43157572.0	329864.0
42827712.0	42827765.0	43157511.0	43157564.0	329799.0
42827766.0	42827783.0	43157492.0	43157509.0	329726.0
42827784.0	42827903.0	43157371.0	43157490.0	329587.0
42827905.0	42827996.0	43157279.0	43157370.0	329374.0
42828001.0	42828002.0	43157277.0	43157278.0	329276.0
42828003.0	42828218.0	43157057.0	43157272.0	329054.0
42828219.0	42828223.0	43157051.0	43157055.0	328832.0
42828225.0	42828348.0	43156927.0	43157050.0	328702.0
42828349.0	42828455.0	43156819.0	43156925.0	328470.0
42828456.0	42828461.0	43156809.0	43156814.0	328353.0
42828466.0	42828546.0	43156728.0	43156808.0	328262.0
42828549.0	42828821.0	43156455.0	43156727.0	327906.0
42828826.0	42828832.0	43156448.0	43156454.0	327622.0
42828833.0	42828947.0	43156329.0	43156443.0	327496.0
42828948.0	42828948.0	43156324.0	43156324.0	327376.0
42828953.0	42828967.0	43156309.0	43156323.0	327356.0
42828970.0	42828973.0	43156305.0	43156308.0	327335.0
42828976.0	42828977.0	43156303.0	43156304.0	327327.0
42828978.0	42829149.0	43156126.0	43156297.0	327148.0
42829150.0	42829400.0	43155874.0	43156124.0	326724.0
42829402.0	42829447.0	43155828.0	43155873.0	326426.0
42829448.0	42829449.0	43155775.0	43155776.0	326327.0
42829453.0	42829472.0	43155755.0	43155774.0	326302.0
42829473.0	42829474.0	43155750.0	43155751.0	326277.0
42829478.0	42829528.0	43155699.0	43155749.0	326221.0
42829529.0	42829658.0	43155568.0	43155697.0	326039.0
42829660.0	42829664.0	43155563.0	43155567.0	325903.0
42829665.0	42830324.0	43154902.0	43155561.0	325237.0
42830326.0	42834610.0	43150617.0	43154901.0	320291.0
42834632.0	42835323.0	43149925.0	43150616.0	315293.0
42835328.0	42835346.0	43149906.0	43149924.0	314578.0
42835348.0	42835949.0	43149304.0	43149905.0	313956.0
42835950.0	42836456.0	40520504.0	40521010.0	-2315446.0
42836459.0	42836892.0	40520070.0	40520503.0	-2316389.0
42836893.0	42836943.0	40520007.0	40520057.0	-2316886.0
42836946.0	42838497.0	40518455.0	40520006.0	-2318491.0
42838498.0	42838781.0	40518169.0	40518452.0	-2320329.0
42838783.0	42841193.0	40515758.0	40518168.0	-2323025.0
42841195.0	42843524.0	40513428.0	40515757.0	-2327767.0
42843525.0	42846503.0	40510442.0	40513420.0	-2333083.0
42846514.0	42846518.0	40510437.0	40510441.0	-2336077.0
42846519.0	42847560.0	40509393.0	40510434.0	-2337126.0
42847567.0	42848856.0	40508103.0	40509392.0	-2339464.0
42848858.0	42852031.0	40504929.0	40508102.0	-2343929.0
42852032.0	42853992.0	40502967.0	40504927.0	-2349065.0
42853993.0	42854577.0	40502357.0	40502941.0	-2351636.0
42854578.0	42854952.0	40501981.0	40502355.0	-2352597.0
42854953.0	42856836.0	40500092.0	40501975.0	-2354861.0
42856842.0	42858876.0	40498057.0	40500091.0	-2358785.0
42858879.0	42859805.0	40497130.0	40498056.0	-2361749.0
42859806.0	42859993.0	40496940.0	40497127.0	-2362866.0
42859994.0	42861920.0	40495003.0	40496929.0	-2364991.0
42861924.0	42863815.0	40493111.0	40495002.0	-2368813.0
42863817.0	42864301.0	40492626.0	40493110.0	-2371191.0
42864302.0	42865835.0	40491090.0	40492623.0	-2373212.0
42865838.0	42866228.0	40490699.0	40491089.0	-2375139.0
42866230.0	42866261.0	40490667.0	40490698.0	-2375563.0
42866262.0	42869032.0	40487895.0	40490665.0	-2378367.0
42869033.0	42870267.0	40486659.0	40487893.0	-2382374.0
42870268.0	42871687.0	40485238.0	40486657.0	-2385030.0
42871688.0	42876607.0	40480317.0	40485236.0	-2391371.0
42876608.0	42877978.0	40478945.0	40480315.0	-2397663.0
42877980.0	42878250.0	40478674.0	40478944.0	-2399306.0
42878251.0	42882957.0	40473941.0	40478647.0	-2404310.0
42882958.0	42883516.0	43101724.0	43102282.0	218766.0
42883517.0	42883814.0	43101423.0	43101720.0	217906.0
42883818.0	42886839.0	43098401.0	43101422.0	214583.0
42886848.0	42886918.0	43098330.0	43098400.0	211482.0
42886919.0	42887624.0	43097623.0	43098328.0	210704.0
42887627.0	42890441.0	43094808.0	43097622.0	207181.0
42890442.0	42892256.0	43092992.0	43094806.0	202550.0
42892258.0	42893744.0	43091505.0	43092991.0	199247.0
42893745.0	42894011.0	43091237.0	43091503.0	197492.0
42894012.0	42894254.0	43090993.0	43091235.0	196981.0
42894260.0	42894413.0	43090839.0	43090992.0	196579.0
42894414.0	42894580.0	43090662.0	43090828.0	196248.0
42894582.0	42894897.0	43090346.0	43090661.0	195764.0
42894898.0	42895577.0	43089662.0	43090341.0	194764.0
42895578.0	42896238.0	43089000.0	43089660.0	193422.0
42896242.0	42896501.0	43088740.0	43088999.0	192498.0
42896502.0	42896506.0	43088732.0	43088736.0	192230.0
42896508.0	42896578.0	43088661.0	43088731.0	192153.0
42896593.0	42897044.0	43088209.0	43088660.0	191616.0
42897045.0	42897218.0	43087716.0	43087889.0	190671.0
42897219.0	42898386.0	43086546.0	43087713.0	189327.0
42898387.0	42899389.0	43085539.0	43086541.0	187152.0
42899392.0	42899776.0	43085154.0	43085538.0	185762.0
42899777.0	42899861.0	43085067.0	43085151.0	185290.0
42899862.0	42900567.0	43084357.0	43085062.0	184495.0
42900568.0	42901600.0	43083129.0	43084161.0	182561.0
42901602.0	42901861.0	43082869.0	43083128.0	181267.0
42901865.0	42902891.0	43081842.0	43082868.0	179977.0
42902892.0	42904281.0	43080451.0	43081840.0	177559.0
42904284.0	42905551.0	43079183.0	43080450.0	174899.0
42905553.0	42906130.0	43078605.0	43079182.0	173052.0
42906131.0	42906785.0	43076268.0	43076922.0	170137.0
42906786.0	42907124.0	43075921.0	43076259.0	169135.0
42907125.0	42907199.0	43075844.0	43075918.0	168719.0
42907204.0	42907531.0	43075516.0	43075843.0	168312.0
42907534.0	42909425.0	43073624.0	43075515.0	166090.0
42909427.0	42909767.0	43073283.0	43073623.0	163856.0
42909768.0	42909994.0	43073053.0	43073279.0	163285.0
42909997.0	42910347.0	43072702.0	43073052.0	162705.0
42910350.0	42910882.0	43072169.0	43072701.0	161819.0
42910883.0	42911150.0	43071900.0	43072167.0	161017.0
42911152.0	42911296.0	43071755.0	43071899.0	160603.0
42911297.0	42911607.0	43071443.0	43071753.0	160146.0
42911608.0	42912204.0	43070845.0	43071441.0	159237.0
42912205.0	42912462.0	43070586.0	43070843.0	158381.0
42912463.0	42912465.0	43070580.0	43070582.0	158117.0
42912466.0	42912474.0	43070570.0	43070578.0	158104.0
42912475.0	42912496.0	43070536.0	43070557.0	158061.0
42912497.0	42912961.0	43070043.0	43070507.0	157546.0
42912966.0	42913091.0	43069917.0	43070042.0	156951.0
42913098.0	42913394.0	43069620.0	43069916.0	156522.0
42913395.0	42915654.0	43067345.0	43069604.0	153950.0
42915656.0	42916025.0	43066975.0	43067344.0	151319.0
42916026.0	42916269.0	43066729.0	43066972.0	150703.0
42916271.0	42918139.0	43064860.0	43066728.0	148589.0
42918140.0	42918798.0	43064200.0	43064858.0	146060.0
42918799.0	42919575.0	43063422.0	43064198.0	144623.0
42919586.0	42920636.0	43062371.0	43063421.0	142785.0
42920637.0	42921116.0	43061890.0	43062369.0	141253.0
42921117.0	42921534.0	43061470.0	43061887.0	140353.0
42921541.0	42924330.0	43058680.0	43061469.0	137139.0
42924331.0	42924573.0	43058436.0	43058678.0	134105.0
42924574.0	42927813.0	43055193.0	43058432.0	130619.0
42927818.0	42927860.0	43055150.0	43055192.0	127332.0
42927861.0	42928518.0	43054491.0	43055148.0	126630.0
42928521.0	42928924.0	43054087.0	43054490.0	125566.0
42928925.0	42928979.0	43054031.0	43054085.0	125106.0
42928980.0	42929284.0	43053722.0	43054026.0	124742.0
42929289.0	42930009.0	43053001.0	43053721.0	123712.0
42930011.0	42930052.0	43052959.0	43053000.0	122948.0
42930053.0	42931643.0	43051363.0	43052953.0	121310.0
42931645.0	42931715.0	43051292.0	43051362.0	119647.0
42931941.0	42932004.0	43051224.0	43051287.0	119283.0
42932005.0	42932288.0	43050939.0	43051222.0	118934.0
42932290.0	42932535.0	43050693.0	43050938.0	118403.0
42932536.0	42932984.0	43050243.0	43050691.0	117707.0
42932986.0	42933274.0	43049954.0	43050242.0	116968.0
42933275.0	42933310.0	43049917.0	43049952.0	116642.0
42933311.0	42933445.0	43049781.0	43049915.0	116470.0
42933447.0	42933906.0	43049321.0	43049780.0	115874.0
42933910.0	42934016.0	43049214.0	43049320.0	115304.0
42934017.0	42934460.0	43048769.0	43049212.0	114752.0
42934462.0	42935723.0	43047507.0	43048768.0	113045.0
42935724.0	42936551.0	43046678.0	43047505.0	110954.0
42936553.0	42936656.0	43046574.0	43046677.0	110021.0
42936659.0	42936661.0	43046571.0	43046573.0	109912.0
42936662.0	42937832.0	43045395.0	43046565.0	108733.0
42937833.0	42938045.0	43045181.0	43045393.0	107348.0
42938054.0	42939109.0	43044125.0	43045180.0	106071.0
42939110.0	42939697.0	43043536.0	43044123.0	104426.0
42939713.0	42940174.0	43043074.0	43043535.0	103361.0
42940175.0	42940778.0	43042469.0	43043072.0	102294.0
42940782.0	42940855.0	43042395.0	43042468.0	101613.0
42940856.0	42940953.0	43042296.0	43042393.0	101440.0
42940955.0	42940981.0	43042269.0	43042295.0	101314.0
42940984.0	42941865.0	43041387.0	43042268.0	100403.0
42941867.0	42942118.0	43041135.0	43041386.0	99268.0
42942121.0	42942572.0	43040683.0	43041134.0	98562.0
42942573.0	42943713.0	43039541.0	43040681.0	96968.0
42943716.0	42943815.0	43039441.0	43039540.0	95725.0
42943816.0	42944293.0	43038949.0	43039426.0	95133.0
42944294.0	42944456.0	43038785.0	43038947.0	94491.0
42944465.0	42945384.0	43037865.0	43038784.0	93400.0
42945392.0	42945456.0	43037800.0	43037864.0	92408.0
42945457.0	42946608.0	43036647.0	43037798.0	91190.0
42946609.0	42946624.0	43036630.0	43036645.0	90021.0
42946628.0	42948628.0	43034629.0	43036629.0	88001.0
42948631.0	42948669.0	43034590.0	43034628.0	85959.0
42948674.0	42949038.0	43034225.0	43034589.0	85551.0
42949039.0	42949064.0	43034197.0	43034222.0	85158.0
42949065.0	42950838.0	43032420.0	43034193.0	83355.0
42950840.0	42951028.0	43032231.0	43032419.0	81391.0
42951029.0	42951459.0	43031798.0	43032228.0	80769.0
42951462.0	42952005.0	43031254.0	43031797.0	79792.0
42952006.0	42952557.0	43030701.0	43031252.0	78695.0
42952558.0	42953270.0	43029987.0	43030699.0	77429.0
42953271.0	42954232.0	43029024.0	43029985.0	75753.0
42954234.0	42954892.0	43028365.0	43029023.0	74131.0
42954894.0	42956382.0	43026876.0	43028364.0	71982.0
42956383.0	42957116.0	43026141.0	43026874.0	69758.0
42957117.0	42958073.0	43025177.0	43026133.0	68060.0
42958074.0	42959390.0	43023859.0	43025175.0	65785.0
42959391.0	42959418.0	43023830.0	43023857.0	64439.0
42959419.0	42960480.0	43022767.0	43023828.0	63348.0
42960482.0	42962300.0	43020948.0	43022766.0	60466.0
42962301.0	42963082.0	43020165.0	43020946.0	57864.0
42963084.0	42963407.0	43019841.0	43020164.0	56757.0
42963408.0	42963583.0	43019664.0	43019839.0	56256.0
42963585.0	42963705.0	43019543.0	43019663.0	55958.0
42963708.0	42963755.0	43019495.0	43019542.0	55787.0
42963756.0	42964646.0	43018602.0	43019492.0	54846.0
42964648.0	42965348.0	43017901.0	43018601.0	53253.0
42965349.0	42965387.0	43017858.0	43017896.0	52509.0
42965392.0	42966224.0	43017025.0	43017857.0	51633.0
42966226.0	42966242.0	43017008.0	43017024.0	50782.0
42966246.0	42966251.0	43017002.0	43017007.0	50756.0
42966252.0	42966521.0	43016728.0	43016997.0	50476.0
42966522.0	42966902.0	43016346.0	43016726.0	49824.0
42966904.0	42967106.0	43016143.0	43016345.0	49239.0
42967109.0	42968014.0	43015237.0	43016142.0	48128.0
42968016.0	42968158.0	43015094.0	43015236.0	47078.0
42968163.0	42968266.0	43014990.0	43015093.0	46827.0
42968268.0	42968514.0	43014743.0	43014989.0	46475.0
42968516.0	42968592.0	43014666.0	43014742.0	46150.0
42968597.0	42969222.0	43014040.0	43014665.0	45443.0
42969223.0	42969543.0	43013718.0	43014038.0	44495.0
42969548.0	42969651.0	43013614.0	43013717.0	44066.0
42969652.0	42971651.0	43011613.0	43013612.0	41961.0
42971659.0	42972916.0	43010355.0	43011612.0	38696.0
42972917.0	42974554.0	43008716.0	43010353.0	35799.0
42974556.0	42975279.0	43007992.0	43008715.0	33436.0
42975280.0	42975956.0	43007312.0	43007988.0	32032.0
42975957.0	42977041.0	43006224.0	43007308.0	30267.0
42977043.0	42977928.0	43005338.0	43006223.0	28295.0
42977929.0	42978108.0	43005157.0	43005336.0	27228.0
42978110.0	42978633.0	43004633.0	43005156.0	26523.0
42978634.0	42978651.0	43004614.0	43004631.0	25980.0
42978654.0	42978673.0	43004594.0	43004613.0	25940.0
42978674.0	42978674.0	43004590.0	43004590.0	25916.0
42978680.0	42979077.0	43004192.0	43004589.0	25512.0
42979078.0	42981219.0	43002049.0	43004190.0	22971.0
42981224.0	42983383.0	42999889.0	43002048.0	18665.0
42983384.0	42985719.0	42997549.0	42999884.0	14165.0
42985731.0	42987575.0	42995704.0	42997548.0	9973.0
42987581.0	42990490.0	42992794.0	42995703.0	5213.0
42990492.0	42990927.0	42992358.0	42992793.0	1866.0
42990928.0	42991003.0	42992277.0	42992352.0	1349.0
42991005.0	42991070.0	42992211.0	42992276.0	1206.0
42991071.0	42991195.0	42992084.0	42992208.0	1013.0
42991196.0	42992184.0	42991093.0	42992081.0	-103.0
42992185.0	42992273.0	42991003.0	42991091.0	-1182.0
42992277.0	42992402.0	42990877.0	42991002.0	-1400.0
42992404.0	42994000.0	42989280.0	42990876.0	-3124.0
42994001.0	42994020.0	42989243.0	42989262.0	-4758.0
42994021.0	42994470.0	42988791.0	42989240.0	-5230.0
42994471.0	42995063.0	42988197.0	42988789.0	-6274.0
42995068.0	42995078.0	42988186.0	42988196.0	-6882.0
42995085.0	42995125.0	42988145.0	42988185.0	-6940.0
42995129.0	42995693.0	42987580.0	42988144.0	-7549.0
42995695.0	42997348.0	42985926.0	42987579.0	-9769.0
42997350.0	42997497.0	42985778.0	42985925.0	-11572.0
42997498.0	42997551.0	42985723.0	42985776.0	-11775.0
42997552.0	42997791.0	42985482.0	42985721.0	-12070.0
42997793.0	42998062.0	42985212.0	42985481.0	-12581.0
42998063.0	42998135.0	42985138.0	42985210.0	-12925.0
42998137.0	42998260.0	42985014.0	42985137.0	-13123.0
42998261.0	42998390.0	42984861.0	42984990.0	-13400.0
42998391.0	42998567.0	42984678.0	42984854.0	-13713.0
42998568.0	42999254.0	42983990.0	42984676.0	-14578.0
42999255.0	42999967.0	42983198.0	42983910.0	-16057.0
42999968.0	43002309.0	42980854.0	42983195.0	-19114.0
43002310.0	43002766.0	42980392.0	42980848.0	-21918.0
43002767.0	43003423.0	42979734.0	42980390.0	-23033.0
43003424.0	43005198.0	42977956.0	42979730.0	-25468.0
43005199.0	43005267.0	42977886.0	42977954.0	-27313.0
43005268.0	43005359.0	42977786.0	42977877.0	-27482.0
43005362.0	43006400.0	42976747.0	42977785.0	-28615.0
43006403.0	43007588.0	42975561.0	42976746.0	-30842.0
43007590.0	43007941.0	42975209.0	42975560.0	-32381.0
43007943.0	43008429.0	42974722.0	42975208.0	-33221.0
43008430.0	43008466.0	42974684.0	42974720.0	-33746.0
43008469.0	43008479.0	42974673.0	42974683.0	-33796.0
43008480.0	43008601.0	42974550.0	42974671.0	-33930.0
43189414.0	43191245.0	41296557.0	41298388.0	-1892857.0
43191246.0	43192615.0	41298390.0	41299759.0	-1892856.0
43192616.0	43195035.0	41299761.0	41302180.0	-1892855.0
43195036.0	43195128.0	41302182.0	41302274.0	-1892854.0
43195130.0	43195449.0	41302275.0	41302594.0	-1892855.0
43195450.0	43195970.0	41302596.0	41303116.0	-1892854.0
43195979.0	43196292.0	41303117.0	41303430.0	-1892862.0
43196293.0	43199093.0	41303439.0	41306239.0	-1892854.0
43199094.0	43199322.0	41306241.0	41306469.0	-1892853.0
43199325.0	43200135.0	41306470.0	41307280.0	-1892855.0
43200136.0	43201584.0	41307297.0	41308745.0	-1892839.0
43201585.0	43201743.0	41308748.0	41308906.0	-1892837.0
43201744.0	43205116.0	41308909.0	41312281.0	-1892835.0
43205118.0	43205584.0	41312282.0	41312748.0	-1892836.0
43205616.0	43211842.0	41312749.0	41318975.0	-1892867.0
43211843.0	43211844.0	41318977.0	41318978.0	-1892866.0
43211845.0	43211979.0	41318985.0	41319119.0	-1892860.0
43212010.0	43213170.0	41319120.0	41320280.0	-1892890.0
43213176.0	43213698.0	41320281.0	41320803.0	-1892895.0
43472955.0	43902803.0	41911586.0	42341434.0	-1561369.0
43902804.0	43903065.0	41911322.0	41911583.0	-1991482.0
43903066.0	43903148.0	41911238.0	41911320.0	-1991828.0
43903149.0	43906745.0	41907640.0	41911236.0	-1995509.0
43906751.0	43906954.0	41907436.0	41907639.0	-1999315.0
43906956.0	43910048.0	41904343.0	41907435.0	-2002613.0
43910049.0	43910559.0	41903824.0	41904334.0	-2006225.0
43910564.0	43910963.0	41903424.0	41903823.0	-2007140.0
43910964.0	43912162.0	41902221.0	41903419.0	-2008743.0
43912163.0	43912344.0	41902037.0	41902218.0	-2010126.0
43912345.0	43913600.0	41900778.0	41902033.0	-2011567.0
43913601.0	43920866.0	41893493.0	41900758.0	-2020108.0
43920868.0	43921377.0	41892983.0	41893492.0	-2027885.0
43921381.0	43925240.0	41889123.0	41892982.0	-2032258.0
43925241.0	43925804.0	41888557.0	41889120.0	-2036684.0
43925805.0	43925988.0	41888358.0	41888541.0	-2037447.0
43925990.0	43931693.0	41882654.0	41888357.0	-2043336.0
43931697.0	43931867.0	41882483.0	41882653.0	-2049214.0
43931868.0	43932328.0	41882021.0	41882481.0	-2049847.0
43932381.0	43933497.0	41880904.0	41882020.0	-2051477.0
43933498.0	43934385.0	41880015.0	41880902.0	-2053483.0
43934386.0	43940280.0	41874117.0	41880011.0	-2060269.0
43940281.0	43944077.0	41870319.0	41874115.0	-2069962.0
43944082.0	43944086.0	41870314.0	41870318.0	-2073768.0
43944087.0	43944090.0	41870302.0	41870305.0	-2073785.0
43944098.0	43945080.0	41869319.0	41870301.0	-2074779.0
43945081.0	43946569.0	41867829.0	41869317.0	-2077252.0
43996570.0	44629684.0	42341435.0	42974549.0	-1655135.0
44726647.0	44908293.0	61518809.0	61700455.0	16792162.0
44958294.0	45250203.0	61822142.0	62114051.0	16863848.0
46561040.0	47060133.0	62249739.0	62748832.0	15688699.0
66454657.0	66614195.0	62798833.0	62958371.0	-3655824.0
66913344.0	67107834.0	63008372.0	63202862.0	-3904972.0
67207835.0	67366296.0	63252863.0	63411324.0	-3954972.0
68137999.0	68514181.0	63542265.0	63918447.0	-4595734.0
69212188.0	69213024.0	63968448.0	63969284.0	-5243740.0
69213026.0	69213573.0	63969285.0	63969832.0	-5243741.0
69213574.0	69213795.0	63969837.0	63970058.0	-5243737.0
69213797.0	69213843.0	63970059.0	63970105.0	-5243738.0
69213847.0	69214136.0	63970106.0	63970395.0	-5243741.0
69214137.0	69214301.0	63970398.0	63970562.0	-5243739.0
69214304.0	69214368.0	63970563.0	63970627.0	-5243741.0
69214369.0	69215886.0	63970643.0	63972160.0	-5243726.0
69215908.0	69216148.0	63972161.0	63972401.0	-5243747.0
69216149.0	69216521.0	63972407.0	63972779.0	-5243742.0
69216523.0	69216992.0	63972780.0	63973249.0	-5243743.0
69216996.0	69217616.0	63973250.0	63973870.0	-5243746.0
69217619.0	69218762.0	63973871.0	63975014.0	-5243748.0
69218763.0	69219256.0	63975016.0	63975509.0	-5243747.0
69219258.0	69219339.0	63975510.0	63975591.0	-5243748.0
69219340.0	69219577.0	63975593.0	63975830.0	-5243747.0
69219578.0	69219632.0	63975832.0	63975886.0	-5243746.0
69219633.0	69219711.0	63975895.0	63975973.0	-5243738.0
69219713.0	69219929.0	63975974.0	63976190.0	-5243739.0
69219930.0	69220607.0	63976512.0	63977189.0	-5243418.0
69220609.0	69220922.0	63977190.0	63977503.0	-5243419.0
69220924.0	69221288.0	63977504.0	63977868.0	-5243420.0
69221290.0	69221936.0	63977869.0	63978515.0	-5243421.0
69221944.0	69222293.0	63978516.0	63978865.0	-5243428.0
69222295.0	69222446.0	63978866.0	63979017.0	-5243429.0
69222447.0	69223395.0	63979021.0	63979969.0	-5243426.0
69223397.0	69223810.0	63979970.0	63980383.0	-5243427.0
69223812.0	69223903.0	63980384.0	63980475.0	-5243428.0
69223904.0	69223906.0	63980479.0	63980481.0	-5243425.0
69223909.0	69223911.0	63980482.0	63980484.0	-5243427.0
69223912.0	69225338.0	63980498.0	63981924.0	-5243414.0
69225340.0	69227986.0	63981925.0	63984571.0	-5243415.0
69227987.0	69228755.0	63984573.0	63985341.0	-5243414.0
69228756.0	69229205.0	63985365.0	63985814.0	-5243391.0
69229206.0	69229234.0	63985821.0	63985849.0	-5243385.0
69229235.0	69229587.0	63985851.0	63986203.0	-5243384.0
69229589.0	69229756.0	63986204.0	63986371.0	-5243385.0
69229758.0	69230052.0	63986372.0	63986666.0	-5243386.0
69230055.0	69230709.0	63986667.0	63987321.0	-5243388.0
69230711.0	69230879.0	63987322.0	63987490.0	-5243389.0
69230880.0	69231437.0	63987492.0	63988049.0	-5243388.0
69231439.0	69231667.0	63988050.0	63988278.0	-5243389.0
69231678.0	69232112.0	63988279.0	63988713.0	-5243399.0
69232115.0	69232147.0	63988714.0	63988746.0	-5243401.0
69232152.0	69233566.0	63988747.0	63990161.0	-5243405.0
69233568.0	69233650.0	63990162.0	63990244.0	-5243406.0
69233661.0	69234978.0	63990245.0	63991562.0	-5243416.0
69234980.0	69236775.0	63991563.0	63993358.0	-5243417.0
69236777.0	69237351.0	63993359.0	63993933.0	-5243418.0
69237352.0	69237813.0	63993936.0	63994397.0	-5243416.0
69237816.0	69238217.0	63994398.0	63994799.0	-5243418.0
69238218.0	69238708.0	63994802.0	63995292.0	-5243416.0
69238712.0	69238806.0	63995293.0	63995387.0	-5243419.0
69238807.0	69239493.0	63995390.0	63996076.0	-5243417.0
69239494.0	69239674.0	63996080.0	63996260.0	-5243414.0
69239689.0	69241659.0	63996261.0	63998231.0	-5243428.0
69241660.0	69241954.0	63998235.0	63998529.0	-5243425.0
69241958.0	69243005.0	63998530.0	63999577.0	-5243428.0
69243006.0	69244251.0	63999593.0	64000838.0	-5243413.0
69244252.0	69244979.0	64000840.0	64001567.0	-5243412.0
69244982.0	69246554.0	64001568.0	64003140.0	-5243414.0
69246559.0	69247461.0	64003141.0	64004043.0	-5243418.0
69247470.0	69250090.0	64004044.0	64006664.0	-5243426.0
69250091.0	69250204.0	64006669.0	64006782.0	-5243422.0
69250205.0	69250266.0	64006786.0	64006847.0	-5243419.0
69250267.0	69250268.0	64006851.0	64006852.0	-5243416.0
69250269.0	69250641.0	64006941.0	64007313.0	-5243328.0
69250643.0	69250682.0	64007314.0	64007353.0	-5243329.0
69250685.0	69251790.0	64007354.0	64008459.0	-5243331.0
69251791.0	69252134.0	64008484.0	64008827.0	-5243307.0
69252135.0	69252645.0	64008831.0	64009341.0	-5243304.0
69252667.0	69253303.0	64009342.0	64009978.0	-5243325.0
69253305.0	69253397.0	64009979.0	64010071.0	-5243326.0
69253398.0	69253455.0	64010073.0	64010130.0	-5243325.0
69253464.0	69253510.0	64010131.0	64010177.0	-5243333.0
69253511.0	69253877.0	64010182.0	64010548.0	-5243329.0
69253890.0	69253920.0	64010549.0	64010579.0	-5243341.0
69253921.0	69254548.0	64010582.0	64011209.0	-5243339.0
69254549.0	69255261.0	64011213.0	64011925.0	-5243336.0
69328386.0	70010542.0	64315968.0	64998124.0	-5012418.0
70060543.0	70061117.0	65166943.0	65167517.0	-4893600.0
70061124.0	70218729.0	65167518.0	65325123.0	-4893606.0
70318730.0	70505196.0	65660849.0	65847315.0	-4657881.0
70505227.0	70505768.0	65660307.0	65660848.0	-4844920.0
70505769.0	70506535.0	65659539.0	65660305.0	-4846230.0
70556536.0	70683915.0	66232593.0	66359972.0	-4323943.0
70683916.0	70685073.0	66231433.0	66232590.0	-4452483.0
70685074.0	70685209.0	66231267.0	66231402.0	-4453807.0
70685216.0	70685217.0	66231265.0	66231266.0	-4453951.0
70685219.0	70688107.0	66228376.0	66231264.0	-4456843.0
70688108.0	70691421.0	66225058.0	66228371.0	-4463050.0
70691422.0	70693803.0	66222645.0	66225026.0	-4468777.0
70693805.0	70695283.0	66221166.0	66222644.0	-4472639.0
70695286.0	70695444.0	66221007.0	66221165.0	-4474279.0
70695447.0	70696917.0	66219536.0	66221006.0	-4475911.0
70696934.0	70697953.0	66218516.0	66219535.0	-4478418.0
70697955.0	70700755.0	66215715.0	66218515.0	-4482240.0
70700764.0	70701077.0	66215401.0	66215714.0	-4485363.0
70701078.0	70701598.0	66214872.0	66215392.0	-4486206.0
70701600.0	70701919.0	66214552.0	66214871.0	-4487048.0
70701920.0	70702012.0	66214458.0	66214550.0	-4487462.0
70702014.0	70713764.0	66202707.0	66214457.0	-4499307.0
70713765.0	70715974.0	66200496.0	66202705.0	-4513269.0
70715975.0	70717070.0	66199398.0	66200493.0	-4516577.0
70717071.0	70717671.0	66198791.0	66199391.0	-4518280.0
70717672.0	70721353.0	66195108.0	66198789.0	-4522564.0
70721364.0	70722636.0	66193835.0	66195107.0	-4527529.0
70722637.0	70729096.0	66187369.0	66193828.0	-4535268.0
70729103.0	70729266.0	66187205.0	66187368.0	-4541898.0
70729267.0	70729906.0	66186564.0	66187203.0	-4542703.0
70729907.0	70732772.0	66183693.0	66186558.0	-4546214.0
70732779.0	70732983.0	66183488.0	66183692.0	-4549291.0
70732984.0	70733746.0	66182724.0	66183486.0	-4550260.0
70733748.0	70734011.0	66182460.0	66182723.0	-4551288.0
70734012.0	70734206.0	66182264.0	66182458.0	-4551748.0
70734207.0	70734326.0	66182142.0	66182261.0	-4552065.0
70734327.0	70734505.0	66181962.0	66182140.0	-4552365.0
70734638.0	70735188.0	66181411.0	66181961.0	-4553227.0
70735189.0	70735468.0	66181128.0	66181407.0	-4554061.0
70835469.0	81740601.0	68220553.0	79125685.0	-2614916.0
81740602.0	92343416.0	79125687.0	89728501.0	-2614915.0
92443417.0	92528796.0	89741970.0	89827349.0	-2701447.0
92678797.0	106504142.0	89916515.0	103741860.0	-2762282.0
106504143.0	110859237.0	103741862.0	108096956.0	-2762281.0
110859238.0	117770903.0	108096958.0	115008623.0	-2762280.0
117770904.0	120149043.0	115008625.0	117386764.0	-2762279.0
120149044.0	124259660.0	117386766.0	121497382.0	-2762278.0
124259662.0	133073060.0	121497383.0	130310781.0	-2762279.0
133223061.0	136133380.0	130347674.0	133257993.0	-2875387.0
136133384.0	136133582.0	133257994.0	133258192.0	-2875390.0
136133584.0	136135137.0	133258193.0	133259746.0	-2875391.0
136135151.0	136135685.0	133259747.0	133260281.0	-2875404.0
136135686.0	136139907.0	133260283.0	133264504.0	-2875403.0
136139916.0	136141440.0	133264505.0	133266029.0	-2875411.0
136141442.0	136141646.0	133266030.0	133266234.0	-2875412.0
136141649.0	136141986.0	133266235.0	133266572.0	-2875414.0
136141987.0	136142527.0	133266574.0	133267114.0	-2875413.0
136142528.0	136142976.0	133267116.0	133267564.0	-2875412.0
136142978.0	136143136.0	133267565.0	133267723.0	-2875413.0
136143137.0	136145410.0	133267725.0	133269998.0	-2875412.0
136145411.0	136145907.0	133270001.0	133270497.0	-2875410.0
136145908.0	136145993.0	133270499.0	133270584.0	-2875409.0
136146016.0	136146068.0	133270585.0	133270637.0	-2875431.0
136146069.0	136146448.0	133270639.0	133271018.0	-2875430.0
136146454.0	136146495.0	133271019.0	133271060.0	-2875435.0
136146496.0	136149095.0	133271081.0	133273680.0	-2875415.0
136149097.0	136151579.0	133273681.0	133276163.0	-2875416.0
136151616.0	136152872.0	133276164.0	133277420.0	-2875452.0
136152873.0	136154344.0	133277429.0	133278900.0	-2875444.0
136154474.0	136160868.0	133278901.0	133285295.0	-2875573.0
136160869.0	136171018.0	133285297.0	133295446.0	-2875572.0
136171020.0	136172250.0	133295447.0	133296677.0	-2875573.0
136172252.0	136172323.0	133296678.0	133296749.0	-2875574.0
136172325.0	136175462.0	133296750.0	133299887.0	-2875575.0
136175463.0	136175707.0	133299889.0	133300133.0	-2875574.0
136175708.0	136175726.0	133300176.0	133300194.0	-2875532.0
136175727.0	136176344.0	133300237.0	133300854.0	-2875490.0
136176345.0	136176604.0	133300859.0	133301118.0	-2875486.0
136176605.0	136179154.0	133301122.0	133303671.0	-2875483.0
136179155.0	136179685.0	133303673.0	133304203.0	-2875482.0
136179686.0	136181469.0	133304205.0	133305988.0	-2875481.0
136181470.0	136182791.0	133306074.0	133307395.0	-2875396.0
136182792.0	136183025.0	133315936.0	133316169.0	-2866856.0
136183026.0	136183082.0	133316172.0	133316228.0	-2866854.0
136183083.0	136183401.0	133316245.0	133316563.0	-2866838.0
136183402.0	136183945.0	133316565.0	133317108.0	-2866837.0
136183946.0	136186678.0	133317111.0	133319843.0	-2866835.0
136186680.0	136191515.0	133319844.0	133324679.0	-2866836.0
136191518.0	136192541.0	133324680.0	133325703.0	-2866838.0
136192542.0	136195225.0	133325705.0	133328388.0	-2866837.0
136195226.0	136202170.0	133328390.0	133335334.0	-2866836.0
136202172.0	136207290.0	133335335.0	133340453.0	-2866837.0
136207304.0	136209420.0	133340454.0	133342570.0	-2866850.0
136209426.0	136223245.0	133342571.0	133356390.0	-2866855.0
136223267.0	136240785.0	133356391.0	133373909.0	-2866876.0
136240786.0	136248002.0	133373915.0	133381131.0	-2866871.0
136248004.0	136249313.0	133381132.0	133382441.0	-2866872.0
136249314.0	136249344.0	133383484.0	133383514.0	-2865830.0
136249348.0	136249376.0	133383515.0	133383543.0	-2865833.0
136249377.0	136249424.0	133383550.0	133383597.0	-2865827.0
136249425.0	136249449.0	133383601.0	133383625.0	-2865824.0
136249453.0	136249480.0	133383626.0	133383653.0	-2865827.0
136249481.0	136249509.0	133383657.0	133383685.0	-2865824.0
136249510.0	136249529.0	133383693.0	133383712.0	-2865817.0
136249530.0	136249550.0	133383723.0	133383743.0	-2865807.0
136249551.0	136255978.0	133383767.0	133390194.0	-2865784.0
136255979.0	136258369.0	133390203.0	133392593.0	-2865776.0
136258370.0	136258468.0	133392642.0	133392740.0	-2865728.0
136258469.0	136258544.0	133392753.0	133392828.0	-2865716.0
136258545.0	136258568.0	133392837.0	133392860.0	-2865708.0
136258569.0	136258571.0	133392863.0	133392865.0	-2865706.0
136258572.0	136258577.0	133392872.0	133392877.0	-2865700.0
136258578.0	136258602.0	133392920.0	133392944.0	-2865658.0
136258603.0	136258623.0	133392957.0	133392977.0	-2865646.0
136258624.0	136258639.0	133392992.0	133393007.0	-2865632.0
136258640.0	136258666.0	133393012.0	133393038.0	-2865628.0
136258667.0	136258696.0	133393054.0	133393083.0	-2865613.0
136258697.0	136258724.0	133393092.0	133393119.0	-2865605.0
136258725.0	136258732.0	133393124.0	133393131.0	-2865601.0
136258733.0	136258768.0	133393140.0	133393175.0	-2865593.0
136258769.0	136258803.0	133393181.0	133393215.0	-2865588.0
136258811.0	136258834.0	133393216.0	133393239.0	-2865595.0
136258835.0	136263969.0	133393708.0	133398842.0	-2865127.0
136263972.0	136265022.0	133398843.0	133399893.0	-2865129.0
136265023.0	136266287.0	133399895.0	133401159.0	-2865128.0
136266289.0	136268474.0	133401160.0	133403345.0	-2865129.0
136268475.0	136274056.0	133403351.0	133408932.0	-2865124.0
136274057.0	136296449.0	133408937.0	133431329.0	-2865120.0
136296451.0	136298102.0	133431330.0	133432981.0	-2865121.0
136298103.0	136304030.0	133432983.0	133438910.0	-2865120.0
136304032.0	136317015.0	133438911.0	133451894.0	-2865121.0
136317017.0	137041193.0	133451895.0	134176071.0	-2865122.0
137091194.0	137091344.0	134199323.0	134199473.0	-2891871.0
137091345.0	137091804.0	134199479.0	134199938.0	-2891866.0
137091805.0	137092087.0	134199958.0	134200240.0	-2891847.0
137092088.0	137092108.0	134200243.0	134200263.0	-2891845.0
137092110.0	139166997.0	134200264.0	136275151.0	-2891846.0
139216998.0	139218576.0	136322544.0	136324122.0	-2894454.0
139218579.0	139225820.0	136324123.0	136331364.0	-2894456.0
139225822.0	139235823.0	136331365.0	136341366.0	-2894457.0
139235824.0	139239166.0	136341372.0	136344714.0	-2894452.0
139239168.0	139242183.0	136344715.0	136347730.0	-2894453.0
139242184.0	141087415.0	136347732.0	138192963.0	-2894452.0
141087416.0	141153431.0	138196966.0	138262981.0	-2890450.0
